0 8.790376233205569e-05 0.0 0.00020222460710724927 5.578801654593729e-16
1 0.006982252383139613 0.0 0.006391216940019961 3.608224830031759e-16
2 0.0009461823330009991 0.0 0.006341508983029936 3.4219371797089426e-16
3 0.002593501640774366 0.0 0.004327334067020085 2.7194799110210365e-16
4 0.0009036847504076291 0.0 0.002324506276928725 5.23691153334427e-16
5 0.00042602628551384236 3.950189627811237e-05 0.00037171630674527964 1.4000590262423127e-05
6 0.0018606814787746001 0.0 0.001490091037222592 2.984984812654038e-16
7 0.001266980598274643 2.1803367653238533e-05 0.0010210447614137771 9.659124101307586e-06
8 0.005593890150056051 2.9802322387695312e-08 0.003860994471035119 2.237994986951949e-16
9 0.020485128567344288 0.0 0.007159916616559286 2.618455766672135e-16
10 0.048047413000909915 0.0 0.014335272822766152 2.0014830212433605e-16
11 0.00044676611764965984 0.0 0.0004244730100672009 3.775166431889533e-16
12 0.19324767363550838 0.0 0.06854531819031058 1.0867291483613812e-15
13 2.66006665633366 2.7300748092543845 1.0090360825202154 1.0111168048744494
14 0.00037934594628864776 0.0 0.0010191558171164974 4.871083751574258e-16
15 0.0 0.0 0.00031366789975866667 2.5589376332604516e-16
16 0.001547158719286375 0.0 0.0028654309066448733 1.8253379971363983e-16
17 0.0016056050815951128 2.9125515549117374e-05 0.0043683326745598975 1.4072622332793951e-05
18 3.0588891960227538 3.0669704943553975 0.5314821627714288 0.5329093997998726
19 0.0 0.0 7.946436325335601e-15 4.577566798522237e-16
20 0.043126747649439745 2.1073424255447017e-08 0.01843305900597911 1.2412670766236366e-16
21 0.0010314921551365767 0.0 0.0018421408686218593 4.443059973708341e-16
22 0.2129813274355955 0.0 0.11459078728426209 5.828670879282072e-16
23 0.014406156822111186 0.0 0.00920131343208625 6.206335383118183e-17
24 0.0009793483884575833 4.712160915387242e-08 0.00024022637475181943 5.876386976949624e-16
25 0.00027608817662782566 0.0 0.00022316859047443412 1.3597399555105182e-16
26 0.0041709379143567435 0.0 0.008301464867454008 4.2841699744536696e-16
27 0.0017366882506664979 0.0 0.004528401425393467 2.0014830212433605e-16
28 0.023012499891211017 0.0 0.016005665568551583 2.2215299868541707e-16
29 0.0 0.0 6.595556446567899e-15 4.1540741810552243e-16
30 0.0 0.0 0.005130615669467839 6.866350197783356e-16
31 0.035915381604517085 0.0 0.02517972952401539 2.618455766672135e-16
32 2.8315336174529957 2.806002244344714 1.4111880958733622 1.4119169975975299
33 0.2092285303414164 0.0 0.12338312963909862 2.336749147496729e-15
34 3.6500241499888574e-08 5.575503985246929e-08 4.869185556885733e-15 7.550332863779066e-16
35 0.016306973458665008 0.0 0.02513616506016716 2.7194799110210365e-16
36 0.016978646897793343 0.0 0.009606258244116485 2.0955000055363631e-16
37 0.0004107998393764743 0.0 0.00014455585801618584 7.303145453014226e-15
38 3.1262823454689133 3.1181093041770906 0.30870713114635023 0.2961901074628948
39 0.01763756628981136 0.0 0.007626275293290122 5.578801654593729e-16
40 0.0021502538692375803 0.0 0.0019123745550890664 4.1540741810552243e-16
41 0.005381432221386027 4.712160915387242e-08 0.006414015138948739 4.710277376051325e-16
42 0.003708359543086871 0.0 0.003415681674184992 7.850462293418876e-17
43 0.0008513629007678888 0.0 0.002381744132115853 1.1102230246251565e-16
44 0.0014315403537403578 0.0 0.0004010539072232296 1.2417523252321218e-16
45 0.0009673631137545292 0.0 0.003383719617718956 2.482534153247273e-16
46 0.012005505686791465 0.0 0.006972341843591749 4.002966042486721e-16
47 0.0012819112701477526 0.0 0.0008725054755021667 1.5700924586837752e-16
48 0.005684485567330885 5.575503985246929e-08 0.002807411445265894 1.5700924586837752e-16
49 0.002202753329798792 0.0 0.002286541175239694 3.3306690738754696e-16
50 0.004589737898197793 0.0 0.008733425907177959 3.885780586188048e-16
51 0.004946172243669095 0.0 0.00484666315662958 6.866350197783356e-16
52 2.189316085562789 2.2428963157362922 0.48630585856730657 0.48100943333424934
53 0.08785587817816472 0.0 0.12710021593694026 8.301481086832413e-16
54 0.0026563244689631004 4.2146848510894035e-08 0.005165691349275001 2.897767167584095e-16
55 2.2520320148748376 2.2764158174741556 0.2640614904048415 0.2647765362567759
56 0.0025860398526313206 0.0 0.0077850503153624575 2.5476231888929306e-16
57 0.001364403733270787 1.2747523183493177e-05 0.0017602509627483308 1.3755876467517246e-05
58 3.1068579914672516 3.1096127950027923 0.263581421290823 0.2637069366714911
59 0.004042718589441775 5.16191365590357e-08 0.0017968602370142805 4.263892432392673e-16
60 0.0015371884261190054 0.0 0.0012118109828835378 1.4220500840710912e-16
61 0.9924570085132421 0.9766574724371412 1.0842946553012276 1.076521462939388
62 0.0 0.0 0.010453570376438393 5.147892387644517e-16
63 0.027554432510096993 0.029672970857478595 0.07687088067891122 0.05363515162230503
64 0.0004331159560300378 2.224360574124526e-05 0.00033666812958004394 1.305039611566346e-05
65 0.0 0.0 0.0020866240702238402 4.641481530201721e-16
66 2.978149305044673 2.993175587499918 0.489660948709265 0.5014008065304584
67 2.9802322387695312e-08 2.9802322387695312e-08 1.3347171202613077e-14 6.473657049138938e-16
68 0.05191926550873926 0.0 0.05573680030885335 1.8619006149354548e-16
69 1.7074292351938594 1.703283024346931 1.1145423989651122 1.1156000498845655
70 0.009056627613067195 0.0 0.009881747229060624 3.2256528834566253e-16
71 0.0 0.0 0.0015820668374073846 1.3877787807814457e-16
72 0.001964045695222065 0.0 0.0013196104357793264 5.589579458494345e-16
73 0.0006616558555902622 2.9802322387695312e-08 0.004213683208169086 3.3306690738754696e-16
74 0.00036565781886172016 0.0 0.002053036452137525 6.568167990716596e-16
75 2.804740256943632 2.8084795491273638 0.8456988018186737 0.8480145026910124
76 2.558190782634087 2.548571199942646 0.9912159505325219 0.9885002402549706
77 1.657065153175093 1.6585125062513921 0.9645919201555424 0.9779079266051867
78 0.9166005437943329 0.9380442819776139 0.4168383497444669 0.4311308906566491
79 1.8261737799176068 1.8404889492092567 0.7614174239215801 0.7568059091387581
80 0.20782796036208084 0.23197696955407168 0.17174139022336232 0.1656972468100392
81 3.023169527353298 3.0253579867902656 0.5559918349151393 0.5635061420900878
82 0.0 0.0 4.1540741810552243e-16 6.280369834735101e-16
83 0.0 0.0 7.108895957933346e-16 3.1401849173675503e-16
84 0.28516072716575264 0.2878260528294999 0.3493304920760626 0.3495722816842045
85 3.0974994315956197 3.101199787408473 0.9578170075150187 0.9598202032929851
86 2.235564507415382 2.2025992265523575 1.9096385948933141 1.9034385426198188
87 0.0 0.0 0.005488005670644575 1.0007415106216802e-16
88 2.3636663849076527 2.369794686766563 0.6212520331777431 0.6241940078542592
89 2.9802322387695312e-08 0.0 4.5359778198176544e-15 6.497413668604471e-16
90 3.119905023630823 3.123182455877647 0.8359040273884253 0.8287557188111516
91 2.4317200366801 2.4459773805493663 0.5381902719369184 0.5438542818634715
92 2.9593614613105546 2.9769846866296508 1.172391187442828 1.1770000442785005
93 2.9770275758841955 2.975957833862338 1.0306825720701092 1.034352252135509
94 2.932327722663455 2.939316506821931 1.854611996767987 1.8762212558866285
95 0.7744768175911578 0.7618981124812171 0.532412702829995 0.5384182038429514
96 0.002001027303285809 0.0 0.002279060551434083 2.7194799110210365e-16
97 0.7163832062290667 0.7502240916613794 2.0305868021513622 2.051351616981727
98 2.675486159980682 2.653484331809748 1.766730313581997 1.7535144800519478
99 1.3295341442943598 1.315186202289914 1.283582547574621 1.287212519217629
100 0.7346808014013405 0.7893762019724143 0.6767701343608166 0.6768387158947238
101 0.0 0.0 0.005664564200171067 2.237726045655905e-16
102 2.9802322387695312e-08 2.9802322387695312e-08 1.654902775330853e-14 4.041272810440265e-16
103 2.05817779876003 2.05817779876003 1.6641177213226355 1.6641177213226355
104 0.2590687389706566 0.256076209064731 0.44783226986511127 0.4554978488403803
105 1.099908096560387 1.100878159615183 1.0785332334832904 1.0780942906591908
106 2.560989063320794 2.5656474446192807 0.2752431771571393 0.2720736502871254
107 2.2496855599320416 2.2671877489150796 1.0138410546265888 1.0219628330466417
108 0.0 0.0 4.444072442554165e-14 5.661048867003676e-16
109 0.8787946106515744 0.8780069774745938 0.553953867370088 0.5525173653273757
110 2.913046979904005 2.920784110360895 0.9201291513413326 0.9327858219505506
111 0.0 0.0 2.2248219142371003e-15 5.390944523996086e-16
112 0.8524943703310337 0.8539786852081069 0.40750880793494343 0.404693320482536
113 2.7769843578998574 2.7679267041421287 0.34638383863069255 0.3422600449411136
114 2.1073424255447017e-08 2.9802322387695312e-08 4.460365043975677e-16 1.2412670766236366e-16
115 1.8413286573972036 1.9240064525596203 0.9536251265741499 0.9505770695976291
116 0.0 0.0 1.5700924586837752e-16 1.1102230246251565e-16
117 3.103998242800716 3.107106990319652 1.1386141129395104 1.1285417116540795
118 2.0901248423488172 2.0846950684120222 1.2204663534619367 1.2300289738463042
119 1.843456917329236 1.8365743142211304 0.6754233730052274 0.669867698935629
120 2.5309418232716263 2.5097871864771504 0.8196256324895742 0.8182323218508103
121 2.8961617670100184 2.8921982782238267 0.40168763712359284 0.4017734897616007
122 0.644354162873324 0.6299784884567097 0.37678090718201757 0.38716641817760006
123 1.8512313537583591 1.841860118880246 0.6748643575075944 0.6778318763144906
124 2.4565553218586156 2.441074511943514 1.1625603121681558 1.1874244817900912
125 2.243509904256694 2.2142955442206853 1.3909206441575002 1.3891902378985654
126 0.0019179974518866506 0.0 0.0018302901909591743 5.688200336284365e-16
127 2.1073424255447017e-08 3.6500241499888574e-08 3.22329427935672e-14 6.195135409826444e-14
128 2.9802322387695312e-08 0.0 5.087681048627601e-16 2.482534153247273e-16
129 0.6544140274498849 0.685129801852886 0.6627341645836621 0.6730945286938329
130 2.5985625623039006 2.5665375086652022 0.2126263663554034 0.19712562165710376
131 2.1230958069054373 2.134971639615819 1.8286974428782836 1.8347840779551103
132 2.798517149260509 2.727848608699586 3.3047152417372283 3.3317783260573774
133 0.0 0.0 3.396633856296025e-14 5.688200336284365e-16
134 0.0 0.0 9.71445146547012e-17 1.1123893155135927e-16
135 2.1073424255447017e-08 0.0 1.9724008228939184e-14 4.148158758790189e-15
136 1.7864302347964565 1.7615634343169944 1.4293402473409975 1.4378997327045204
137 0.0 0.0 3.599781526400606e-15 1.6883057536160649e-16
138 1.6430863791852153 1.602215384476164 0.7843420250075137 0.7912774145394393
139 0.0 0.0 3.7341307954279784e-16 6.938893903907228e-17
140 0.5862012058800601 0.5430096782641166 0.8036051829952319 0.795739770431706
141 1.6132278635445498 1.6166562965152649 0.5212933883423352 0.5207539141413257
142 1.0791700594557132 1.0784753213298655 0.583635385680692 0.5874618715345783
143 0.0 0.0 0.004708257884520028 2.7194799110210365e-16
144 1.3352968333849942 1.3352968333849942 1.9848148446375868 1.9848148446375868
145 0.0 0.0 1.2412670766236366e-16 1.6653345369377348e-16
146 1.5507208751634027 1.5601785740118876 0.7038115326170333 0.6894088073540584
147 3.130835300801688 3.1215005683137647 1.1798303565016655 1.1991761146440223
148 2.1073424255447017e-08 2.1073424255447017e-08 0.0028314277978035308 5.3533015581491455e-16
149 2.514951325236499 2.505583170753703 0.7174657239514852 0.7106703616119191
150 0.0 0.0 2.5438405243138006e-16 2.2887833992611187e-16
151 0.0 0.0 7.973583194031005e-15 4.775249788392736e-16
152 0.0 0.0 0.0022930247020482293 2.7194799110210365e-16
153 0.0 0.0 0.004819314232906102 1.4220500840710912e-16
154 0.0 0.0 2.482534153247273e-16 3.8459253727671276e-16
155 0.0 0.0 0.0030069009302450267 4.577566798522237e-16
156 2.0762659992848027 2.0956009986441613 0.3313461305730202 0.3417060289105059
157 1.7130360022762017 1.7355678987378977 0.7983490378108786 0.7857746740673279
158 2.9361657690441785 2.9295713077997663 1.2656764922389436 1.2780571773012857
159 2.009857136984591 1.977859876284612 2.2522522903344604 2.265468575592701
160 0.0 0.0 5.791279169884412e-15 4.002966042486721e-16
161 0.0 0.0 1.119400808498433e-16 8.673617379884035e-18
162 2.493597139667922 2.473492396538047 0.9628334203273653 0.9507477830740649
163 0.0 0.0 3.0430036432140253e-15 5.661048867003676e-16
164 2.1073424255447017e-08 5.16191365590357e-08 0.0004095575310896739 1.3597399555105182e-16
165 2.912973991111524 2.9423963904681663 0.5731299566733492 0.5806657723915404
166 1.9604681504896944 1.9438788475303515 0.9021316183561653 0.8827092149357111
167 0.0 0.0 2.6232411085552657e-14 6.77599954797753e-16
168 1.002263688237816 1.0527355392609046 1.7595602827972896 1.7234448411883032
169 0.12118958269213943 0.0 0.14499675433375075 3.3766115072321297e-16
170 1.6172931632413092 1.6379172924242729 0.7726909863526296 0.7491532387018052
171 3.119915294764649 3.0934958436691677 0.4487515277137598 0.44933869839929036
172 0.0 0.0 3.8459253727671276e-16 2.830524433501838e-16
173 2.891957285738068 2.8897200594858448 1.3992728672793064 1.4063266606015496
174 2.1073424255447017e-08 0.0 1.0300460214781318e-15 3.3306690738754696e-16
175 2.852287642468727 2.856108266912088 0.9663159679599015 0.9804078582007754
176 0.859658996643694 0.8606610783554323 0.8335720082802152 0.8288998968620188
177 3.1011906175244204 3.097070826296007 0.5383176884803808 0.5389395162839453
178 2.7601168214341696 2.6678191313216226 2.015157329301507 2.056653309084933
179 1.9183705236671227 1.9132451723412671 0.3994155683913699 0.4129715291674428
180 2.174461428615398 2.1808227849110677 0.315862361419918 0.3021737427296354
181 2.295119229490263 2.273515723020496 0.5526118464423918 0.5490298092268151
182 0.0 0.0 1.9229626863835638e-16 1.1102230246251565e-16
183 1.2304987150322209 1.2178583456191647 0.4220516452232835 0.4148854601388612
184 3.0502959577688533 3.0524928949420618 0.4296634416840447 0.4227010332675869
185 0.0 0.0 4.66161482198069e-15 3.6821932062951477e-16
186 1.2311168108323367 1.181348893443038 0.9259915486359512 0.9105622464909375
187 2.2624491066999193 2.322399431054085 0.34298842937294205 0.35427519099675336
188 2.011632840703533 2.0016313176229166 1.4479698573997168 1.4759159005766391
189 3.012425953186137 3.009199650540898 0.9347228279491904 0.9287264590806787
190 2.9246592471747506 2.9040431059637752 1.3956824340081193 1.310007489609715
191 2.16904449221969 2.1678325199852964 0.3141976535058024 0.31685480906000096
192 1.3780049295619339 1.3745539222881755 1.4551376052673324 1.454945160894283
193 1.7753764500300524 1.7589507205535428 0.8651723434212284 0.8690501854230944
194 2.262929680506403 2.242101862190471 0.5380744505225684 0.5216898493065778
195 0.0 0.0 1.6653345369377348e-16 2.482534153247273e-16
196 3.139135647789416 3.1365260406283895 1.8183848770294677 1.8151769886757585
197 2.7323514882228843 2.7245906420139177 0.9114168588548653 0.9333207223553126
198 0.0 0.0 2.8381687744740646e-16 3.265153280995946e-16
199 2.9497386059337365 2.9466538189058946 0.41919608000466013 0.4327214968373068
200 3.017200670625143 2.997905622411685 2.3236947164321475 2.309451494141374
201 1.5312528835503607 1.5549136343703198 0.8160461042012798 0.8200883070483992
202 0.0 0.0 1.0824532152874249e-14 4.577566798522237e-16
203 2.9802322387695312e-08 0.0 0.014325699742682104 2.5438405243138006e-16
204 1.141601189647323 1.1459528347147243 0.9354770113650093 0.9282871508330156
205 0.8097351170565741 0.7913961500234847 0.3014016303495381 0.31198782479556353
206 3.00769367517985 3.012913169128871 1.0270789455240374 1.027381981761628
207 2.4916925527607 2.4801811292845803 0.6907140227009543 0.684946474504946
208 1.727978367371178 1.7214731484832015 0.49709704260229515 0.49969001813594405
209 0.0 0.0 4.1540741810552243e-16 2.5438405243138006e-16
210 0.13099209130675035 0.0 0.054827836921639055 1.2118257228641695e-16
211 2.6796389232782185 2.703472787359752 0.8181329190592731 0.8373755416784876
212 3.073360683963588 3.0665588206642336 1.3786447104624593 1.3727163289573787
213 3.0150588981059783 3.0169274270938256 0.6411190249756803 0.6398818078767318
214 0.3526431712632077 0.3455073922332855 0.23526798159149792 0.24794309605197298
215 2.0081096402319125 1.9891336088943314 0.5578689481389868 0.5629618926385058
216 2.814956244756441 2.830702957171224 0.8498261587531896 0.8444913601475754
217 2.1073424255447017e-08 2.1073424255447017e-08 2.7194799110210365e-16 3.1401849173675503e-16
218 0.0 0.0 0.0034161010715870665 3.8459253727671276e-16
219 0.26993134564110244 0.26098242949701694 1.3904573676478194 1.3842796459254496
220 2.731374797459219 2.7660846934404155 2.7888858533181673 2.8136221601522435
221 0.0 2.1073424255447017e-08 0.002029114503517265 2.482534153247273e-16
222 0.0 0.0 1.522514131646888e-15 3.554447978966673e-16
223 2.1073424255447017e-08 2.9802322387695312e-08 0.008541759041942579 3.411368008432962e-16
224 1.720471512901675 1.7422861719410652 0.9631449643786658 0.9446165829269968
225 1.6942619596384894 1.6941434263380497 1.0330643815110296 1.0253971897716914
226 0.009699256446572622 4.2146848510894035e-08 0.007817329425524822 5.20740757162067e-16
227 2.877894335639934 2.8711330611015082 1.6341827646407459 1.6231844813839822
228 0.0 0.0 1.2644271733057878e-14 3.3306690738754696e-16
229 0.0 0.0 0.0005242325656810198 2.220446049250313e-16
230 2.560647710921804 2.562276218925166 0.7196908614354716 0.7281163086217783
231 0.082043389424139 0.0 0.008252547249349197 5.117875266520903e-16
232 0.6998399554766468 0.7057896673794236 0.9585119893070804 0.9769361455565374
233 0.000791015758901652 1.7707495697352792e-05 0.0016702498439231034 3.7235244163037965e-05
234 0.3336235588570476 0.3366772308105458 0.3943770808836459 0.3832729091664659
235 0.004024520491825412 2.1073424255447017e-08 0.005308195337146333 3.3306690738754696e-16
236 2.261042182980898 2.2894928780430996 0.9226142586833926 0.9262117324945552
237 2.4322534217124314 2.4562148041740675 1.1715404090566983 1.1613473146636828
238 1.3567837657092139 1.3379874541476064 1.5318345404784475 1.5137352891647822
239 0.38560965640874756 0.40217411977644907 0.22664171519632384 0.22370441948129377
240 1.3100368046905249 1.288462668590196 0.44974545604774163 0.45162492642704466
241 1.5606728487865236 1.552535138863772 1.1109330519316611 1.110649352793047
242 2.298523737028767 2.30351134040576 0.420138807707628 0.4252941094538778
243 2.7390282646769397 2.7536515093154748 0.9837643388129006 0.9732754316867663
244 1.5314941071630217 1.537932187406432 0.9227009688005312 0.9130344725207189
245 0.012334434815980976 0.0 0.0070831564100745075 3.554447978966673e-16
246 2.9030495406024093 2.915548106637894 0.40237330369913876 0.40834079414828356
247 0.0004640547097209309 2.1073424255447017e-08 0.0003309022902431185 1.8410966031475738e-16
248 2.4064090160473603 2.401518248783591 1.0304934843344333 1.035662029957227
249 2.9802322387695312e-08 0.0 2.486410087150353e-16 4.0656604228903896e-16
250 0.08805626806341257 0.07127013427623854 0.07272593494339055 0.06821271538579915
251 0.0 0.0 9.825473767932635e-15 8.025154038416283e-16
252 3.103168459239491 3.110973999753419 0.3962473800437227 0.37978945550762583
253 2.465283074965992 2.4370457733780078 1.9986144060635145 1.9890554963862446
254 0.03772411275197003 4.2146848510894035e-08 0.03202867093574047 2.482534153247273e-16
255 0.0 0.0 3.967888639771205e-15 5.552849575635886e-16
256 2.7934767454949623 2.817565789323582 1.8175513592966943 1.8161866260003672
257 0.015123826530297275 0.0 0.018199223591450448 2.5438405243138006e-16
258 0.002012269261366482 0.0 0.0015887853579180404 1.1123893155135927e-16
259 3.0014121358568238 3.007135733535099 0.7399765333652264 0.7254157413786619
260 0.00501226480038725 2.9802322387695312e-08 0.002911614316652445 2.5438405243138006e-16
261 0.003071530632903932 0.0 0.011790390074610078 2.0122792321330962e-16
262 0.5436872524300959 0.5281453943402792 0.6409883682037446 0.6266724986510873
263 0.0006430986054279226 0.0 0.0008046971992679013 1.5700924586837752e-16
264 2.96332645129153 2.9742843704103015 0.9444284758923892 0.9615271036416305
265 2.1073424255447017e-08 0.0 8.671119018262734e-16 4.509747244882934e-16
266 0.007261634266258537 2.9802322387695312e-08 0.008210182000342089 4.577566798522237e-16
267 2.1298477774814395 2.106226942439794 0.6982090380272816 0.7163564453682754
268 2.1073424255447017e-08 0.0 6.004449063730082e-16 4.335559509131367e-16
269 0.9477933653920042 0.9522869825928026 1.6148090251028062 1.6155878635796204
270 2.1073424255447017e-08 0.0 1.0224454869641665e-15 2.5438405243138006e-16
271 0.002432464952868125 0.0 0.0013785922853136578 1.528132866464668e-16
272 0.0822451768469545 0.0 0.023925441426333172 8.025154038416283e-16
273 0.9120886765287068 0.9334593160914139 1.7266219817867914 1.7206151050214444
274 2.3275853665435107 2.333462116860578 1.0816580366759931 1.0791480176447144
275 0.0015055644916240265 0.0 0.0023689383534286497 1.3877787807814457e-16
276 0.5947483342327705 0.5380378565776252 0.9557918745973368 0.9139264759077905
277 0.02603692230992148 4.2146848510894035e-08 0.01839859208141623 3.521787733787174e-16
278 2.2284308685069982 2.2084923546740387 0.36755873204423306 0.3860913565800143
279 0.0 0.0 7.166960442808746e-15 8.182012274917481e-16
280 2.1432787487061633 2.145309053221513 1.2113355871725613 1.2151087942071845
281 0.0 0.0 0.0008184802185648749 2.7336071744532853e-16
282 2.579298151337777 2.5842901522184576 0.7463588640952243 0.7230369509474432
283 0.006333806503266703 0.0 0.00514276465567028 3.8459253727671276e-16
284 2.868226308011941 2.8847937717237704 1.7043643092783691 1.704821625088514
285 0.973515016640561 0.9596432611116579 1.1035115561710258 1.0863240526600226
286 1.4979749463125585 1.4986929412132701 0.32030822363751543 0.3113968956243909
287 1.0133689290892256 1.0059824957634398 1.1903626758049963 1.1997102145077856
288 0.022076515286058744 2.1073424255447017e-08 0.011811843061717888 5.2373712139713e-16
289 0.0 2.9802322387695312e-08 4.289241443942605e-14 4.1540741810552243e-16
290 0.0 0.0 2.603703785810335e-16 3.608224830031759e-16
291 2.471202428751364 2.4502572249367987 1.1446634929752488 1.1544746841423887
292 1.370569293076686 1.3503526924365161 1.9596131757770812 1.9669162384160976
293 3.0324285940261024 3.0508990470083357 0.5582166515757095 0.5659616009824869
294 0.03976128639875587 0.0 0.023443766524437692 3.3766115072321297e-16
295 3.1347277296291796 3.1377135508498837 0.5557114658598975 0.5493472949954818
296 0.12169633917267184 0.0 0.0706105656467533 6.377745716588144e-16
297 2.962825491656224 2.9473919821825114 1.45068969002257 1.442559414969801
298 0.0 0.0 2.930026644073336e-14 1.1940576374487323e-14
299 1.1790642672018998 1.1938295569620792 0.6261588578137657 0.6043536671877301
300 0.004542499491593884 0.0 0.001969848583090094 5.23691153334427e-16
301 0.00307058670457783 0.0 0.002421015717217914 6.497413668604471e-16
302 0.04384571858762298 0.00561479958133027 0.029787552268642232 0.0020672857048746793
303 0.007731218756089398 0.000413539588520781 0.002725276582733616 7.299465570722033e-05
304 0.004030436833117399 0.0 0.0019230380812407448 3.1401849173675503e-16
305 0.39744561549925933 0.4139513866208102 0.586958937776761 0.6059654987314961
306 0.0016996796163329813 9.005308140229174e-06 0.001406112638002946 1.0290778607752731e-05
307 3.048012300131767 3.0480597903713043 0.546330290871521 0.5567227099177883
308 2.752110749397764 2.7281103060891834 0.02947788921298286 0.01117466411960731
309 0.062121239092119626 0.1697883321661059 0.0725114641235637 0.04591328129929283
310 0.045392555581960765 0.0037373420122875072 0.012006764146468953 0.0006554842444934462
311 0.0027046340781977287 2.9802322387695312e-08 0.006279794094429733 1.2965894679718859e-15
312 0.0 0.0 0.004543304724046295 2.3714374201337736e-16
313 2.9643007544311644 2.9578115031947423 0.5272081044622056 0.5369772939491942
314 2.968590161522798 2.986826491333927 0.21195272993185416 0.12032431439431868
315 0.0021672183826549705 1.4208739700330681e-05 0.0008900573490920262 0.00010585401671973763
316 0.014857835063008362 0.0007993365689508347 0.017258074764788505 0.0008631956004625142
317 0.0008000882157161892 0.0 0.0008969147623499553 4.308579600984097e-16
318 2.254551285641433 2.2488632104976283 0.3561584661455225 0.36236954238356905
319 0.16495607554006306 0.002331393997513245 0.05529019119380408 0.0006763214812675396
320 1.0934266928367855 1.08982282975009 0.1309258765087196 0.13578832135418709
321 0.0017623970386413347 0.0 0.00234914315629947 2.482534153247273e-16
322 1.2211215324585758 1.2121299945828958 1.506995704668389 1.5037114979795103
323 0.13019538793851015 0.0 0.047457948313891385 3.626539728754058e-15
324 0.003023759673709802 2.9802322387695312e-08 0.0011142079861312 4.440892098500626e-16
325 0.1331020451665962 0.000513349953590769 0.04121918828868893 0.000949777182696425
326 1.6246373180724822 1.601618107709994 2.4836404456548413 2.465105484992304
327 1.3169019634662729 1.292203508727301 1.2349236279651647 1.2280841021359576
328 0.0246314173027876 0.0018884692835887758 0.015042831318562705 0.0005358576863019663
329 0.0016488881376939973 0.0001756628014403497 0.0020861508058342155 0.00021915186258920783
330 0.00046554703875659263 0.0 0.0014255514590781053 5.828670879282072e-16
331 0.0005775674681161165 0.0 0.00036401648134949427 4.440892098500626e-16
332 0.009274662055240307 0.000427792573675347 0.0024834789318088114 0.00033706139737476237
333 0.0005752340287640691 0.0001366735480544703 0.001468718940605934 0.00024766648098788836
334 0.024413889473443154 0.0 0.02364411279551847 2.618455766672135e-16
335 0.0 0.0 3.99872989463912e-15 6.888752704931532e-16
336 0.0028652337390565256 0.0 0.00355690506802243 5.087681048627601e-16
337 0.0006042948496600226 6.952965804628254e-05 0.0006521942791516724 3.922193089886119e-05
338 0.09434605403546176 0.0 0.049486675953132525 1.0990647210786425e-15
339 0.011623862420058395 0.0005434398084238766 0.004853751784936568 0.00013129098598256602
340 0.0160661629956333 0.0 0.0025374872990871315 2.482534153247273e-16
341 0.00801773323774399 0.00020707640585186876 0.008645852487445952 3.23678394378218e-05
342 0.000727439785544008 0.0 0.001679560669272701 0.0
343 0.0004988294691770437 0.0 0.00036571087807472566 1.5700924586837752e-16
344 3.111819196901465 3.13505840168061 2.2314636358126947 2.211709891014366
345 5.373815742773456e-05 0.0 0.0004150320778462281 4.47545209131181e-16
346 3.137470478598047 3.1360736156052544 0.009169716319309646 0.0034327655519546018
347 0.001041688173958745 0.0 0.002471120101457 1.2412670766236366e-16
348 2.9022159863547423 2.8836673539036415 0.1887934469682654 0.1697883019440062
349 0.009565431372564125 0.0 0.002657263932900754 2.9893669801409083e-16
350 0.0015557254950486397 3.210082282851537e-05 0.002117964109799103 3.055731984466996e-05
351 2.9802322387695312e-08 4.2146848510894035e-08 6.377745716588144e-16 6.304854800243424e-16
352 0.0029111984440824226 0.0 0.00605007539472551 3.2487068343022356e-16
353 0.6356471494263772 0.6341714543308371 0.280583769217278 0.2812069885446464
354 0.0 0.0 0.0015210226985557158 5.11975649256e-16
355 0.05663060158167725 0.0 0.03679109673184326 9.790481772219012e-16
356 0.0 0.0 8.694963599922837e-15 2.3635567572914823e-16
357 0.00047857142943530346 1.809574094172513e-05 0.0006012369719631348 1.5471317687267136e-05
358 0.002816850675064027 0.0 0.0021021292794840564 2.7194799110210365e-16
359 0.015874173314387088 0.0 0.015162258924020306 6.377745716588144e-16
360 0.005477375586014808 0.0 0.0011454264194169148 6.977643512971218e-16
361 0.0005872163996263457 5.25239320743242e-05 0.0007579837635211334 6.149428290080913e-05
362 0.0019503239569496013 0.0 0.0017891770651934447 2.600234183879298e-16
363 0.0 0.0 0.002460727067385079 3.3422589073858084e-16
364 2.718486244098898 2.7239571773043783 2.585505894843674 2.5827581679385756
365 0.0001569209300970605 5.853748160881671e-05 0.0002788355122653205 5.5971108999756124e-05
366 0.005045298663180703 0.0 0.003933475705385761 4.47545209131181e-16
367 0.0046011262444545595 0.00013512447092079225 0.004217436540284981 7.614306541315736e-05
368 2.132092690965482 2.1305548642322156 0.39111649542797844 0.3845675415484746
369 0.006018145394578315 7.641784450678678e-05 0.004085507168593934 0.00016911113622668063
370 0.8084283595409082 0.8048194650569244 1.3314618201567736 1.3320746676911153
371 0.006506657775341564 0.0006467854743681096 0.0032165651220705882 0.0005070055917768921
372 0.0011776257656592175 2.9802322387695312e-08 0.0020529173838948174 6.870994212485363e-16
373 2.676981728979099 2.663644244778186 1.6998767175852945 1.7052669017612248
374 3.0910312887945732 3.0876567357716347 1.754463281692732 1.752137508380012
375 3.1158029056540104 3.1130679132921446 0.7319670496349338 0.7382749807711737
376 0.0 0.0 6.054533854021207e-15 5.79553433516819e-16
377 1.4558007736873224 1.4859161612301306 0.6926692980079924 0.6756483107704156
378 3.0107530926137986 3.0234746423804193 1.019601388768842 1.0271500559262468
379 2.9802322387695312e-08 2.1073424255447017e-08 3.787455513119843e-14 1.919755073330818e-15
380 0.7046350877208266 0.6761885984094368 1.1781742156921913 1.1714467751786564
381 3.1037339855692063 3.114870139019457 0.8892498766038435 0.8611847865633309
382 0.7140847333598014 0.7097112579927852 0.8294181034926178 0.8200466420762612
383 3.0576076131282455 3.045766838738679 1.9087076872764415 1.8982116687486554
384 2.1084781339711793 2.141294124304455 0.9808252596756426 0.982265936726543
385 3.6500241499888574e-08 4.2146848510894035e-08 0.003152389605591587 1.9229626863835638e-16
386 2.466804997384673 2.4836995338834686 0.5963437531619386 0.5977693156583457
387 1.7197107256201773 1.741290073085725 1.2132868405938486 1.2249208963730498
388 0.0 3.6500241499888574e-08 2.771252108025999e-15 4.335559509131367e-16
389 0.44518223018165315 0.44462843057886214 0.6656546277742945 0.6732882694371809
390 1.5566003171631613 1.535710930183622 1.496520998018872 1.484424413661953
391 2.032605686906128 2.04191405119465 0.6507696020197322 0.6290228596890548
392 0.19748210618285417 0.2033677859779541 0.5190489433583855 0.5152123705898828
393 2.7479866573622815 2.776336919773913 1.148180200529742 1.137297176021774
394 0.5679174791555686 0.5206201201037954 0.7643340137189952 0.7109140484007601
395 3.0425739373971 3.04983383652017 1.1766379507380909 1.1804993121992624
396 2.8319358277643114 2.8452368436443667 1.9091958150213144 1.9106233236368086
397 0.0 0.0 2.0062885096040707e-16 2.5438405243138006e-16
398 2.9802322387695312e-08 0.0 0.003209017218974696 2.5438405243138006e-16
399 3.0552954435814925 3.0268839299354937 0.9948368868713293 1.0016295627380187
400 1.7062105465081716 1.7493363919319356 1.5456994054781887 1.560236233171301
401 2.1073424255447017e-08 0.0 0.0008934139307625162 7.021666937153402e-16
402 0.7421227125560963 0.7275784129386818 2.105221810936493 2.103034885941821
403 2.177011086530276 2.176808202702384 0.48744799011721324 0.49533341759373833
404 2.064917232615898 2.087512218479876 1.2972893880145853 1.312448687944015
405 1.8594816203890225 1.8695717958037295 1.4089148698544942 1.4193672351959388
406 0.0 0.0 4.0943604230712597e-14 8.968100940422724e-16
407 0.9866901003422123 0.9999766359967985 1.6169050339871918 1.6147755105461177
408 0.0 0.0 0.013916287640458672 2.0770370905276122e-16
409 1.3556293323556243 1.3502190512202048 0.6527739516288258 0.639162106814779
410 3.1145641653204974 3.138993885666103 0.6522464068808626 0.647294929141685
411 1.5183037680067881 1.5138238683182617 0.9628153391758197 0.9584991148894606
412 3.00999276360197 3.0028985694093073 1.0236274520842554 1.0103697392402786
413 2.9668138992957114 2.9578020908209997 0.3722727450977166 0.3791233312877629
414 2.9802322387695312e-08 0.0 1.6653345369377348e-16 7.110250420355456e-17
415 0.0 0.0 3.510833468576701e-16 2.482534153247273e-16
416 0.9367335290473003 0.9263129906585403 0.7151109237486617 0.6985707005004853
417 2.235520638689495 2.235032891762579 1.6128471476947752 1.6125606348583186
418 0.0 0.0 1.6241162679539781e-15 4.002966042486721e-16
419 2.954115019232244 2.954924365314366 0.477342930078391 0.47694751162591237
420 1.9583125163776647 2.007296336574301 1.053021977194307 1.0657841231096767
421 0.0 0.0 5.23691153334427e-16 1.2412670766236366e-16
422 2.9802322387695312e-08 2.9802322387695312e-08 6.087272963323595e-16 3.7341307954279784e-16
423 3.6500241499888574e-08 3.6500241499888574e-08 4.002966042486721e-16 2.7194799110210365e-16
424 3.0231482492723454 3.04378660957442 1.218345937224469 1.2281359966119254
425 1.6794625451433571 1.65410676037586 0.680754405470575 0.6857230565006279
426 3.094048084831998 3.078962856768344 0.6871555035435221 0.691057000723456
427 0.000971431844292885 7.875598501806649e-06 0.002850808650673993 1.113056801958055e-05
428 2.139690184372235 2.1156425618387624 0.8205059168404577 0.8331692881011422
429 0.0 0.0 1.457101633618084e-15 1.594436429147036e-16
430 3.125897609591705 3.118668066216972 0.5906178761435527 0.5956377840001489
431 1.206967532485084 1.260702990686262 0.24270849284048115 0.22477471573993402
432 2.946904492032446 2.9358502082008915 1.4555302968097665 1.4444162064399613
433 2.5463125042994164 2.5394106096052234 1.17401575796017 1.1707244414038274
434 0.0 5.960464477539064e-08 0.01404087782044442 3.3422138886441676e-16
435 0.0 0.0 6.377745716588144e-16 3.1401849173675503e-16
436 2.4005560762237286 2.418371981584365 1.0789348186019847 1.0834087607330405
437 1.6246460580783963 1.6347857760831468 2.0500666545224155 2.0452631012311437
438 1.1099825303212278 1.1204362827270533 2.408359941181269 2.4055897875327372
439 1.1703292545565254 1.166294486696291 0.4206053931127493 0.42560035124810264
440 3.0256149759198117 3.0276199177666037 0.6418007373722526 0.6349108758168267
441 0.13216522749008047 0.11945482734955998 0.13584270562866538 0.13676903869940465
442 2.7591345915005885 2.758834076878368 1.135975683184351 1.1205099051175933
443 0.10764054534063315 0.11210109856769226 0.7322697650169675 0.7372377960170724
444 2.723378048793333 2.721895643118333 0.7503157012125907 0.7539844518108536
445 0.8723951574504636 0.8251418845944167 0.642538135973039 0.5894724166901076
446 2.3837875912671525 2.3895478107344683 1.3609532085105926 1.367727956314532
447 1.9315304072403021 1.9331067079419084 1.3189170715775826 1.3121436240306956
448 0.0 3.6500241499888574e-08 7.835728851042836e-16 2.8441001681421824e-16
449 2.3339564211152655 2.3328704685021515 1.0385077701685286 1.038037772572763
450 0.01896998633493443 0.0 0.0032421823690317875 3.002224531865041e-16
451 0.06645264827387991 0.0 0.055831070830427286 6.793939906727495e-16
452 0.008070569391142453 0.0 0.0025072261742422044 5.485238422911951e-16
453 0.0011093204666782568 2.1073424255447017e-08 0.0010976914974970512 2.237726045655905e-16
454 0.05365583758334365 0.0 0.027650019520086264 1.2412670766236366e-16
455 0.0017705850671032412 0.0 0.005717528724998097 4.355503409735122e-16
456 2.8958855787047253 2.9046053974544073 1.503674762491932 1.5035279683557692
457 1.8096312029587838 1.8076493803166602 0.9238174008394984 0.9281873189452645
458 0.6439817082378382 0.6243898599360147 0.47563369852167603 0.4513413194919169
459 3.0510863966223445 3.055792006606012 0.951679671366236 0.9337341672782364
460 3.072842544838806 3.141450715956377 0.9884574305843564 1.0200800098846359
461 0.0122612546608846 2.1073424255447017e-08 0.00990444071758727 9.171947447016606e-16
462 0.0006281549254170708 0.0 0.000621564074027731 5.23691153334427e-16
463 0.9852700564260071 0.9992878454531358 1.4064967297924458 1.4004709128261694
464 0.008965035102706543 2.9802322387695312e-08 0.018057935216280196 3.7238012298709097e-16
465 2.9180133927917247 2.888194847685343 0.7714407948159527 0.7555442389639396
466 2.3842899393318486 2.3863343427850734 0.2039057509908318 0.21707887192547604
467 2.6941313976229684 2.6777464481652316 2.1621645995806573 2.162410102657564
468 3.103165632916941 3.1058893585957486 0.5886866298871819 0.576227570370631
469 1.3099018626647687 1.3187667728659263 1.3908568219264734 1.3946493167157392
470 0.00043910000533041487 0.0 0.0005005324024606622 6.497413668604471e-16
471 2.2042807965125015 2.1961998581147903 0.6893061140024302 0.7016584509815079
472 0.0 0.0 0.006337349054419049 4.002966042486721e-16
473 1.770741626172199 1.7799670447935245 1.4502720371090454 1.4531667135393926
474 0.0 0.0 4.652682298944613e-16 1.6653345369377348e-16
475 2.2864805596045845 2.284139466691062 0.6501509541020941 0.6594362338935177
476 0.010879879762354083 0.0 0.004108854350022515 1.2412670766236366e-16
477 1.150056270861228 1.1499867394637118 0.32028108075140477 0.3213008437158668
478 1.7191660106058255 1.7375094129077222 1.2036252924993684 1.2132741174055803
479 2.3936884677148345 2.3857687363751876 1.9376911221850932 1.946656922974362
480 1.9735279961350838 1.9903738300051435 1.174651482574745 1.1839452267404098
481 0.907197196936515 0.9132420694313205 0.59395048793776 0.5692666757762034
482 3.0041006456156847 2.9987437331267586 0.6486163003280866 0.65175998849075
483 3.092895450067721 3.111969025026074 1.6100849266260133 1.598932177464973
484 0.0013281501346776939 3.6500241499888574e-08 0.0019858597895445504 6.473657049138938e-16
485 0.0 4.2146848510894035e-08 2.0770370905276122e-16 1.1102230246251565e-16
486 2.1073424255447017e-08 2.9802322387695312e-08 2.837184660109541e-15 5.095246377785861e-16
487 0.120373835708323 0.0 0.061137622567401455 4.252353596406193e-15
488 1.7531702987381794 1.7520439111963548 1.516751517939897 1.502779187520385
489 2.5429660917904164 2.5315405235373873 0.6396232195629288 0.5865494902913042
490 0.3993185835872199 0.21001718136046943 0.5970933240750367 0.33768618499421105
491 1.4201723131216017 1.3922704379304236 0.9337112197290612 0.9088933881933183
492 0.0008938041761609934 0.0 0.0010381983151127577 2.830524433501838e-16
493 0.0006899488194677926 0.0 0.0006947308383479241 4.996003610813204e-16
494 0.00041547291919170366 0.0 0.0018786397567327126 2.2887833992611187e-16
495 2.7912632607192025 2.7800235333956933 2.7129554425316447 2.6983259947480263
496 0.004047266052091466 0.0 0.001627845925410849 5.36049202688126e-16
497 0.0 0.0 0.00959348669034912 2.9893669801409083e-16
498 3.1225184479991968 3.131023322168823 2.6266262453830307 2.629462555117988
499 0.0019095076367352916 0.0 0.0017944118903784718 7.850462293418876e-16
500 0.0 2.9802322387695312e-08 2.2887833992611187e-16 2.2887833992611187e-16
501 0.0011512765511483855 0.0 0.002328501197731223 2.3714374201337736e-16
502 3.1036698331628836 3.0991212037445193 1.0118555414495314 1.0107186456120199
503 0.4687899354115076 0.4477332306694046 0.5655524158692196 0.559787350979801
504 1.0700174345430886 1.076404632196214 1.4288742051541146 1.4064621829229058
505 0.0 0.0 3.595820250601821e-15 1.9229626863835638e-16
506 0.04932755612386067 0.0 0.03153241254803982 2.0014830212433605e-16
507 3.1313556180801383 3.113534031701064 1.0461109902002397 1.090690144041752
508 1.7623080683671373 1.780615473366134 1.2047961622884644 1.2091915777968054
509 0.0 0.0 3.554447978966673e-16 4.1540741810552243e-16
510 0.0031327631863109643 1.8211877093748053e-05 0.0012498341861409815 2.174505705520473e-05
511 1.1144521798712816 1.0688396812019474 0.38396932391944893 0.3707784703730086
512 0.0 0.0 5.061232257718023e-16 1.5735385869920192e-16
513 0.0007554678960233549 2.1073424255447017e-08 0.0008149120099813084 1.2412670766236366e-16
514 1.9591278228344045 1.9805478325783636 1.173663079741754 1.190425789218051
515 0.012989491684741564 0.0 0.011040565954691637 7.473417450352271e-17
516 2.73483517511118 2.7339176832812813 0.040676884492297685 0.04626769552738771
517 0.0014961998708102552 0.0 0.0015211445150131464 4.652682298944613e-16
518 0.0 4.2146848510894035e-08 2.1677797545656835e-16 7.280549903296983e-16
519 0.0020047299468787436 1.8375542609232993e-05 0.0015605035885477953 1.4481195411619556e-05
520 0.3144753720868427 0.26568539008246933 0.1033001977035914 0.1223621723632034
521 1.4040647398088393 1.402734248001413 1.0574276004523342 1.0563020445376974
522 2.775739708138804 2.778251234447795 1.9767514497351497 1.9965115854372397
523 0.022854896784855437 0.0 0.0067931801893395495 1.7772239894833365e-16
524 2.337071807513134 2.3779068783266166 2.3464693351025 2.3484111474187315
525 0.0 0.0 4.023314056419886e-15 6.280369834735101e-16
526 0.0030777880337733233 0.0 0.003570583615130926 3.554447978966673e-16
527 0.034705592128493924 2.9802322387695312e-08 0.02590694303038767 4.577566798522237e-16
528 0.0 0.0 0.001375343075201152 2.9893669801409083e-16
529 3.023120182911326 3.016707734518196 2.621066978132436 2.5998927766162865
530 2.8762183986654626 2.8770523994404313 1.17036095012039 1.1723462959440663
531 1.6363674142249258 1.6062145336044777 0.4621264003677517 0.44416174517148743
532 0.018326681281108512 2.1073424255447017e-08 0.004680467992545099 3.236828524569469e-16
533 0.0003534468991862453 3.1674625523990714e-05 0.00020180581761389545 1.6373248243539295e-05
534 1.4510582729028247 1.4362273783338957 1.2830477015498332 1.2823814114650307
535 0.002564198256997976 0.0 0.002034346007577553 2.482534153247273e-16
536 0.0027776998238039957 0.0 0.0013565730551233102 2.5438405243138006e-16
537 0.0005868175789392458 0.0 0.0002669520804159891 1.7554167342883506e-16
538 3.0625946061333122 3.0598639960428984 0.8532784120894301 0.8512056966823365
539 0.007870850868505122 0.0 0.0020109499609421897 2.0014830212433605e-16
540 0.003754613814149635 3.626423444593045e-05 0.0009041956153570046 9.318197159192856e-06
541 0.0 0.0 0.004818442899433006 3.521787733787174e-16
542 0.002499666268720251 4.2146848510894035e-08 0.0009758465547232028 1.8410966031475738e-16
543 0.0037188854812704184 8.463017917990585e-05 0.0011245668153570783 4.462066882392145e-05
544 0.0003656790008449528 0.0 0.00015177674626990054 6.280369834735101e-16
545 0.7535955601556208 0.7574003261308457 0.44570965013355346 0.44677398598518614
546 0.00696102011090893 0.0 0.008445920794629037 2.2887833992611187e-16
547 1.9068897083145637 1.894328530958723 0.7608445235776051 0.7470505556332764
548 0.010486035960497884 0.0 0.004265825246517057 9.199466103053814e-16
549 0.0 0.0 1.1389935954777104e-15 2.2887833992611187e-16
550 0.26574063221134564 0.28725976939870385 0.5364215407405569 0.5312604423004235
551 2.6129681554885846 2.627557056655105 0.5757231692097127 0.5717194419773635
552 3.0502348895833205 3.06795176329357 0.38416703489736126 0.38465896351777845
553 0.04301386831867536 0.0 0.08773433269712344 4.081579843510303e-16
554 0.0 0.0 2.7730375991235122e-14 1.5059797815742444e-15
555 0.0018320800969881612 0.0 0.0028298187491148682 2.5626980138831173e-16
556 2.4336743161050634 2.4374024007362083 1.0663794426828304 1.064694231109984
557 0.2797695852736004 0.2802055888378909 0.47336537321170585 0.4727183564252803
558 0.0061768755612277865 0.0002904514229043133 0.003200234223081095 0.00041004381414877874
559 0.00047997525660168564 0.0 0.0008058731549048008 1.9078803932353506e-16
560 0.0025351640946361027 0.0 0.002432046662889466 1.8463195827281384e-16
561 0.0038296909198672034 0.00010124909973887256 0.0005724900872830808 5.496540634796072e-05
562 3.0459964256711998 3.0502136981987618 1.0070278186676835 1.0024834482266776
563 0.005300298487022993 0.0 0.004760871568232034 2.779024842816778e-16
564 0.3171685232132011 0.3339235832167344 0.13606520951767861 0.14475232657151654
565 0.002835750218663094 0.0 0.002349325707028995 5.095246377785861e-16
566 0.00029245478865178406 2.9802322387695312e-08 0.0001935682882963491 2.220446049250313e-16
567 0.0 2.1073424255447017e-08 0.008809513564954663 7.894497640785698e-16
568 5.240281847108344e-05 0.0 3.6732997194190476e-05 2.4912465244908755e-16
569 2.11581073871338 2.088336390266548 1.476921288890504 1.4686525557539323
570 0.00010164669367622063 0.0 9.738712277984604e-05 4.611102534756203e-16
571 0.0013988315139195071 2.9802322387695312e-08 0.0022852393363670988 5.721958498152797e-16
572 0.04154701035229017 0.0 0.01471112776122943 1.2412670766236366e-16
573 0.0375842378129078 0.0 0.023046857132279806 3.6821932062951477e-16
574 0.017712780354551053 2.1073424255447017e-08 0.005208576769141879 1.5700924586837752e-16
575 0.8232728449405639 0.7746772366465604 1.3766767527891668 1.3914776232962007
576 0.5207010322301187 0.5267727795179307 0.5262551836103021 0.5174184297735481
577 0.002500463266820936 5.960464477539064e-08 0.003860383842040877 2.482534153247273e-16
578 0.0 0.0 0.00547929654179704 2.9893669801409083e-16
579 0.0038814207705315483 1.0912880431740436e-05 0.005960076983634994 1.0493387482774654e-05
580 2.9802322387695312e-08 4.2146848510894035e-08 0.001504863758262618 3.3306690738754696e-16
581 0.11738383122059176 0.0 0.022660019955851242 1.1322097734007351e-15
582 0.0 0.0 0.005191879609189271 3.510833468576701e-16
583 0.0013758085894481 0.0 0.001875888159692218 5.578801654593729e-16
584 2.260093696152766 2.2518348227213676 0.4092667749673822 0.40591780839677355
585 0.0002505786344220151 7.566288185463826e-05 0.0005626153753441062 0.00011928273580958054
586 0.0001947060263256457 3.688550020211652e-05 0.00032962639803276947 1.7792410893316166e-05
587 2.893461002996822 2.884101381653715 0.35719365436008027 0.3481560092735416
588 0.0008092711271933707 0.0 0.0004654763980737921 4.1540741810552243e-16
589 0.008046978002811837 0.0 0.015294948598355423 4.0839984695807314e-16
590 0.5477644237976139 0.5526558934348472 0.5978027266922195 0.5927626901818079
591 2.6329474962026143 2.6455136688495773 0.7386735929794774 0.7428174432336462
592 0.0016929890633040335 4.712160915387242e-08 0.0012558293676094192 5.438959822042073e-16
593 0.0004685587290789316 2.538837787173133e-05 0.0004528426991074229 1.6458080990475713e-05
594 0.02258537555011986 0.0 0.03174182284903576 9.104505742017336e-16
595 0.001392281689462234 0.0 0.0003416601842723937 4.577566798522237e-16
596 1.0254342804308079 1.0105437996991364 0.18823977735768863 0.16719489470882756
597 2.9637820807820696 2.9667776373857895 0.7645644227163085 0.7687213278713743
598 0.0002447332978621814 2.5388141730917406e-05 8.964417908530904e-05 1.645803872527742e-05
599 0.0015480783087653779 0.0 0.00145852231514823 6.521083742145178e-16
600 0.050782344647314674 0.0 0.02217587548258877 7.771561172376096e-16
601 0.24931998128154984 0.2614283749227884 0.8626152267305306 0.8514207799524514
602 0.24010181548502 0.23151696785979844 0.43533337841122294 0.43684899617024536
603 0.0 0.0 2.7957842889706153e-14 1.1102230246251565e-15
604 1.6442458894248857 1.6470194584343913 0.5915835639868728 0.5793389506524602
605 0.0 2.9802322387695312e-08 0.00013874361761921267 3.433175098891678e-16
606 2.9802322387695312e-08 0.0 8.009828255300194e-15 6.804363002006077e-16
607 2.9802322387695312e-08 0.0 2.121268313163321e-15 2.258741573372376e-16
608 2.9416308322372897 2.94977874353598 0.3005636591933384 0.29789660411990443
609 0.003887163015294519 2.1073424255447017e-08 0.004392628770330589 1.6653345369377348e-16
610 2.8915273739031213 2.8862782333693975 0.8790856296057884 0.8808339647128572
611 1.3504909556799385 1.3707942602974807 1.555770103267141 1.5491043609771793
612 0.014868405749987611 0.000963558549589995 0.008614465477982359 0.00038322169145989953
613 1.747160536603003 1.715012044646608 1.3201957808298774 1.3195165857477877
614 1.272005645845375 1.2879380835322825 0.8991334274610402 0.9068889125799192
615 3.071438262275122 3.059941261976911 0.6220285286264624 0.5939205282605583
616 0.003062387860503951 0.0 0.003376143866974743 6.4018582627671775e-16
617 0.2905544479956111 0.2857327899392672 0.8664622014670603 0.8667395078848352
618 2.4312631758900434 2.426367787306824 1.1031189672615402 1.1113127255291242
619 2.86033198591847 2.8623383479309794 1.453666170083213 1.459500503542414
620 2.2530752371098948 2.2372072581677633 0.43449070194026473 0.45249832673106777
621 1.1440475713318623 1.1379297698148687 1.5569762147016102 1.5564804953541815
622 0.0 0.0 4.969100786963359e-15 3.57874756446653e-16
623 2.1073424255447017e-08 0.0 6.63282767043035e-15 4.996003610813204e-16
624 0.04164415531854638 0.0 0.020971026966608408 3.510833468576701e-16
625 0.412314397800521 0.4060996336668492 0.4995507456556744 0.5111531352670746
626 3.128118703380679 3.141309281802642 0.4969316756324348 0.5068298571841788
627 0.0 0.0 0.005846073715495891 3.510833468576701e-16
628 1.366046854374276 1.3619010922738586 0.6444522995203041 0.6532134415388882
629 3.1047730175713055 3.1100368461855252 0.7269353856490184 0.7142142065312259
630 3.0466384380030753 3.0628282877055772 1.3252642163521315 1.3145083900642793
631 2.1073424255447017e-08 0.0 0.006919518633113521 2.7194799110210365e-16
632 2.0230871748646857 2.0329213383463163 0.8691143030442386 0.857902792699344
633 0.021503158506555205 0.0 0.036072968155795464 1.1102230246251565e-16
634 0.3095622582827607 0.31085468699042496 0.1308009681061798 0.1628306950512808
635 2.963499503602762 2.9664551813290614 0.870893175960715 0.8711436989586626
636 0.0 0.0 4.5891853003401095e-15 2.7755575615628914e-16
637 2.809188527202083 2.8060183165957686 1.0879350036725048 1.104105748495453
638 0.8762284492462677 0.8654558793670231 0.767958456462242 0.765917083242408
639 1.3483756542695233 1.3483756542695233 2.867148505294701 2.867148505294701
640 0.004599139375631402 2.2691880460712e-05 0.004456713436631527 3.1722948608958846e-05
641 3.0166992922129547 3.0266716525597643 1.0036552662757279 1.0112666411612212
642 0.002662242434252916 3.6500241499888574e-08 0.0010444541321084912 2.482534153247273e-16
643 2.769203889880138 2.7647674041750574 0.48241182830924767 0.4543052621097347
644 0.0 0.0 0.004782046921639349 2.482534153247273e-16
645 2.9015248222658894 2.9117866756320154 0.6018157827135368 0.5990015171116511
646 0.0 3.6500241499888574e-08 1.2336223495132595e-14 8.355534721610419e-17
647 2.9802322387695312e-08 2.1073424255447017e-08 1.2645459745163041e-14 2.2239127899237465e-15
648 0.05545452740449668 0.0 0.0938616373263816 5.993212282476064e-16
649 2.1073424255447017e-08 0.0 3.625672926353545e-14 5.059743231108734e-15
650 2.6596156157038773 2.6722227232787863 2.170725111339927 2.1712918568944612
651 1.7154853982004643 1.6553914856286736 1.5764546786102491 1.6016342554660272
652 1.9853159899267556 1.988964436512037 1.9340356722580072 1.9218440395846057
653 2.1073424255447017e-08 0.0 4.1540741810552243e-16 3.6821932062951477e-16
654 0.0036750737260897045 0.0 0.0030332117776825703 6.004449063730082e-16
655 4.2146848510894035e-08 3.6500241499888574e-08 3.496431454353484e-15 7.535012591929473e-16
656 0.010551006188795092 0.0 0.0027579980457532044 2.7755575615628914e-16
657 2.83296440843218 2.8431628097527937 0.2343221426107672 0.2369261181527109
658 3.0251611794770454 3.0326759176400566 0.9286491350586411 0.9489166187993452
659 0.8784131450114571 0.8537888027231973 1.0331875704129436 1.0403604287092307
660 0.0032798492280890217 3.311396779321601e-05 0.001826812334061469 2.7760789784811882e-05
661 0.05990141001244109 0.0 0.026170245565962615 6.231111271582837e-16
662 1.6979749191878901 1.7230111838585194 0.6450514266194524 0.6398974041243974
663 2.7129457161469785 2.7021511387115082 0.675657368826515 0.6658913043566939
664 2.9802322387695312e-08 0.0 0.011479901169133135 5.551115123125783e-17
665 0.003003471308780878 0.0 0.005283231498759802 1.7109685898544713e-16
666 0.0 0.0 0.00017739868172081825 6.4018582627671775e-16
667 2.1073424255447017e-08 0.0 4.786851168183692e-15 9.61481343191782e-16
668 1.9939756902014303 1.9725210266975486 0.3911676603865707 0.3943137037323864
669 0.0 0.0 1.0268212617756114e-14 1.2851760658783268e-15
670 0.022310198661997425 0.0 0.005834830207004441 2.482534153247273e-16
671 2.452553570700687 2.451724521468878 2.012914084162322 2.005140955995043
672 0.0 0.0 4.1955928891754187e-16 4.311058334485492e-16
673 0.6329858676841544 0.6217108964750412 0.6854533372165681 0.6680869188118496
674 0.4116977181116845 0.4186507769841476 0.22999195108064943 0.2282957218302186
675 0.8089529429074807 0.7686367208906415 0.31302293318087565 0.3221968698468073
676 0.020327150825663488 0.0 0.015808287799767055 1.0237867082474471e-15
677 0.0006838198394712933 0.0 0.0003392245373840407 4.041272810440265e-16
678 0.0013204060811800387 0.0 0.0026465556918286244 2.482534153247273e-16
679 0.0012476286119052962 0.0 0.0014650181285455431 2.482534153247273e-16
680 0.0010846863499347935 0.0 0.003105763031659984 1.2412670766236366e-16
681 0.0032774888883614003 5.960464477539064e-08 0.004886038560963953 4.839349969133127e-16
682 0.005736739099345891 0.0 0.004511263170512 4.710277376051325e-16
683 2.9802322387695312e-08 3.6500241499888574e-08 2.4043442600993574e-15 4.041272810440265e-16
684 0.0010674863692309198 0.0 0.000812093660770593 2.0396099332657776e-16
685 0.5512642745533454 0.5256275414991255 0.7769043102175637 0.759117261928082
686 0.0005347814583579141 4.2146848510894035e-08 0.0010425682559853636 2.0770370905276122e-16
687 0.007468087865785926 0.0 0.003574502257790752 2.7755575615628914e-17
688 0.0003176151758095119 1.6578102705261623e-05 0.00019839312812210426 1.270232113081065e-05
689 0.005571964023178283 0.0 0.0031897603485651236 1.1102230246251565e-16
690 0.0034129200131553282 0.0 0.0005618825498751482 3.3306690738754696e-16
691 0.0003201754885845169 1.9685330693572047e-06 0.0006916960364241672 1.2869975940665955e-05
692 0.0 2.9802322387695312e-08 2.949029909160572e-17 1.242751103718668e-16
693 0.007283286970852629 7.862900967023847e-06 0.003029301951292075 1.321907951510614e-05
694 0.004430451378584816 0.0 0.001162860172629273 2.482534153247273e-16
695 0.00041655098419580755 1.9684202691353917e-06 0.0008987835842029403 1.286997806095251e-05
696 2.8430591584456875 2.8558336215303397 0.3043758628891212 0.30987739219633703
697 3.075872780023739 3.113721691225326 0.9643161186165737 0.9209620803412082
698 0.0020323183040194593 0.0 0.0013162376293609976 3.188872858294072e-16
699 0.0010509212014006303 0.0 0.0038349018137356 2.482534153247273e-16
700 2.288857477040541 2.2842558850887933 0.4559370144227078 0.45013138036924905
701 0.0013513197934879424 8.338479440770332e-05 0.0028653642773978478 3.157016016234842e-05
702 0.0003792313607000512 0.0 0.0003473675757825602 2.7989321133869776e-16
703 0.0002155059473205993 1.0731526209795231e-05 0.00028567383861513243 1.2261116493389859e-05
704 0.00020364813384021337 0.0 0.000591431676913341 4.440892098500626e-16
705 0.008925410753231083 0.0 0.017300577994367697 2.7194799110210365e-16
706 0.005331928108523912 0.0 0.0022286010250590713 2.482534153247273e-16
707 0.0010827865342837976 8.337678138415372e-05 0.0003532687142814927 3.1567539387795894e-05
708 0.01035650026497169 4.2146848510894035e-08 0.0076621705915735135 2.622130794118103e-16
709 0.001397843506874797 0.0 0.0020717531970882454 5.978733960281817e-16
710 0.005259352983666094 0.0 0.008860585789744349 2.2887833992611187e-16
711 0.003704723608469296 0.0 0.003990993111020117 1.7772239894833365e-16
712 0.12396170140081166 0.0 0.07094482945822639 6.510738673604022e-16
713 0.026617968329687713 0.0 0.011774761459464291 1.5700924586837752e-16
714 2.7198324805848495 2.745613880089445 0.1751691381309224 0.1846747820081641
715 0.08418788313927046 0.0 0.04692574894415285 6.804363002006077e-16
716 0.0012271469966374348 0.0 0.001924926605478318 5.087681048627601e-16
717 0.0006961776396638638 2.9802322387695312e-08 0.0011041161371276994 2.3055512673781017e-16
718 0.004642424140664776 3.6500241499888574e-08 0.00246330104843022 2.779024842816778e-16
719 0.02186718890221301 2.1073424255447017e-08 0.005357764810774926 1.1188630228279524e-16
720 0.006109799917310632 0.0 0.010237786332065063 2.220446049250313e-16
721 3.151988352901258e-05 0.0 0.00027757401651530594 1.415262216750919e-16
722 2.1073424255447017e-08 2.1073424255447017e-08 0.008940588062959814 4.08865160135725e-16
723 0.0 0.0 3.1592929488711313e-16 3.512375976460306e-16
724 3.1349916892476073 3.1368023972469534 1.44313744449093 1.446100391952829
725 2.9802322387695312e-08 2.9802322387695312e-08 0.004062512839298335 2.5438405243138006e-16
726 0.0016773005473165188 0.0 0.0019290630150647432 2.597223446339628e-16
727 1.4225520876821502 1.4472721510357918 0.5736064351745892 0.5596578955667394
728 0.001309810727377946 8.338429378272266e-05 0.0029634095195962187 3.157002855143066e-05
729 0.0016215449920203918 0.0 0.0021255374282385868 1.53442150565397e-16
730 0.010080455540486552 0.0 0.003538790172387962 2.7755575615628914e-16
731 0.0009578450371268001 0.0 0.0022229267146843252 2.265790592267349e-16
732 0.0004232877906263106 0.0 0.0008666550717416897 3.7238012298709097e-16
733 0.0027608961933271556 0.0 0.0015690981094580536 3.756347319088159e-16
734 0.00021390436780775079 0.0 0.0002606051394814 2.482534153247273e-16
735 2.0230246151413414 2.0476695375680634 1.552492637985231 1.5699262857510865
736 0.26893968505150856 0.2899911723213129 0.4200154089071428 0.419228535512395
737 0.00854955593063616 0.0 0.00520737190541205 3.554447978966673e-16
738 0.0004458381238418572 0.0 0.0007651193486467418 2.498001805406602e-16
739 0.02875702635928008 0.0 0.010730884295727272 3.8459253727671276e-16
740 1.54374767915861 1.5356242207400155 0.29671361765521015 0.2849373629709666
741 1.746699606596123 1.7444724253355435 1.4112826007261987 1.4076430963339113
742 0.0019188637852480715 0.0 0.006767089571975866 1.5700924586837752e-16
743 1.7937772698141168 1.78818322218213 1.8354632250194276 1.837732387772877
744 0.002507307597841801 9.31087702702041e-06 0.0007168003095805589 1.052372445583632e-05
745 0.0 0.0 2.212277824929962e-15 4.449557262054371e-16
746 4.063935424583725e-05 4.2146848510894035e-08 6.798801473412894e-05 3.510833468576701e-16
747 0.007240627684856418 5.312869800778068e-05 0.0024990521773850718 2.560347637239536e-05
748 0.0009579752052774954 0.0 0.0016751116452502768 6.280369834735101e-16
749 0.00017775786768318034 0.0 0.00024704985599693734 3.7238012298709097e-16
750 1.817072458388339 1.742839504695243 0.20407916793448605 0.21074093351668885
751 2.215712494733005 2.2067124566837855 0.5827099761396841 0.5899972716893415
752 0.5239898695235344 0.4882588563427813 0.6087686352601553 0.5813127704721236
753 0.0 2.9802322387695312e-08 5.36049202688126e-15 7.447602459741819e-16
754 0.16699673325110387 0.17456430454377397 0.2118924448589143 0.21474685932121695
755 3.0589839293404446 3.04361302107981 1.0951438824210618 1.1008174660890175
756 2.3638444077882896 2.3109930611082135 0.6242091924246194 0.6110174817563074
757 3.6500241499888574e-08 4.2146848510894035e-08 5.828670879282072e-16 3.236828524569469e-16
758 2.906088643122885 2.900956110517879 0.4426635727251332 0.45049222846360854
759 0.1661232904564133 0.16897515897113022 0.19760209418542965 0.19800172025764715
760 0.0030809830257800853 5.575503985246929e-08 0.002528884669717588 1.6653345369377348e-16
761 0.0 0.0 0.010362275700695655 1.5700924586837752e-16
762 0.0 0.0 0.007024089994539325 9.614813431917819e-17
763 2.9470004281203983 2.9468999957237774 1.0817407536647086 1.0801937136266988
764 2.1073424255447017e-08 0.0 3.4215994718758548e-15 3.1031676915590914e-16
765 2.9802322387695312e-08 0.0 3.188872858294072e-16 1.5700924586837752e-16
766 1.9182768972175257 1.9523323683713056 1.2761456443490873 1.2793410458378602
767 2.9469948127390295 2.94004180711877 0.4875841848299314 0.49290213206057826
768 1.747240283339963 1.6582595312632633 0.130549976647815 0.1424398343090999
769 2.2860178820213832 2.2567833045619663 0.8488364892701529 0.8397187349253631
770 2.200020840702015 2.1984806511152524 0.20569640297830963 0.20847502010176377
771 3.1244893484157594 3.140004355755815 0.7096035957449401 0.7048921461424464
772 0.0 2.1073424255447017e-08 0.0015840031098435959 7.108895957933346e-16
773 2.227661591499299 2.231688896973386 0.830260640839754 0.8253835919481415
774 0.8065961666677143 0.8064397920766913 1.4329548298050894 1.4331263738993891
775 2.140369835690452 2.0539691847423667 0.7313220310528397 0.7200255389679374
776 0.0003581187709150116 0.0 0.0004229888899281915 1.823874271286204e-16
777 1.9699060281533856 1.9664409174378255 0.5836675745062652 0.5741423352119124
778 0.3153401431296059 0.2847088694493754 0.4109360501203154 0.3851403087801009
779 2.944898143140208 2.9499306473321534 1.0173432763274022 1.0323612073775765
780 2.087135045059506 2.090089510494226 0.5941906658123256 0.5967318016847325
781 0.010468687047144596 0.0 0.008714055049716772 2.5296051550047473e-16
782 2.6149065765913324 2.620584724336703 1.1089187434600347 1.1024806810748575
783 0.0017366094030988866 0.0 0.0009848061778512656 2.0966485394705203e-16
784 2.7173865285913577 2.7110809234888644 1.0721495934633298 1.0755723257192575
785 2.4554607162285835 2.444229252379937 0.8002094460444258 0.7967170925113709
786 3.0752847737921347 3.0856376553756704 0.4461952922396813 0.42811039754157576
787 0.0 0.0 4.6629367034256575e-15 4.1540741810552243e-16
788 2.1073424255447017e-08 2.1073424255447017e-08 2.448161348223004e-15 2.482534153247273e-16
789 2.9661146026514755 2.9789546438897467 0.5362355691940862 0.5266212903189725
790 0.021733191149096942 0.0 0.029557890819542156 1.2412670766236366e-16
791 1.7871765230970147 1.785484842530297 1.3438172302723541 1.3476146754304197
792 0.5084952002230488 0.504222367586064 0.9397911715631903 0.9667089775725008
793 2.7045697933027344 2.7001621137349474 0.32955355912771495 0.31521911525506413
794 0.5617601736057907 0.5073426180163256 0.3738296559101204 0.41028734926727084
795 2.6440239572443693 2.6735205790843946 0.6411443362359353 0.6367104881953248
796 2.9802322387695312e-08 4.2146848510894035e-08 0.002149987208338772 1.9229626863835638e-16
797 2.4307439445517036 2.426023074347309 0.34447702469399777 0.35854908409834846
798 1.7437734704447339 1.7335752110274283 1.021919729018871 1.0028233468339711
799 1.7506002083601298 1.7696572127641466 1.0393729929328532 1.0461498453330609
800 3.6500241499888574e-08 4.712160915387242e-08 3.9173728182134386e-15 1.6653345369377348e-16
801 0.09961775940998976 0.0 0.08067505934370939 2.4835037038225095e-16
802 2.7696682408726616 2.7525651986580866 0.7348248814779851 0.7185615356755557
803 0.0 0.0 0.006279976810062685 3.6821932062951477e-16
804 2.88617945021903 2.891839345773423 0.24732990398823676 0.24598792749217632
805 0.0 0.0 5.342065101058982e-15 2.5438405243138006e-16
806 0.5169498827648676 0.517232601990013 0.7583662151575372 0.7601241648878246
807 0.0 0.0 9.036560719766055e-16 7.376145397762941e-17
808 0.0 0.0 1.8906416838689214e-15 3.188872858294072e-16
809 0.0029699496502631133 0.0 0.007271268898587814 7.782704976483342e-16
810 1.5292792227757135 1.4570697506929726 0.9966680788531076 0.9538617701067754
811 0.004378930696605887 0.0 0.0018664167497080871 2.7194799110210365e-16
812 2.1073424255447017e-08 0.0 4.871083751574258e-16 4.611102534756203e-16
813 2.687324798608272 2.67600134048082 0.6960098413897139 0.6804844124261896
814 3.128409535752599 3.11260198331835 1.592732121911524 1.6051211044877367
815 2.588568127794453 2.580023077315164 0.32816991319815214 0.32800588627751154
816 1.36819671456087 1.372751636751091 1.000941904481425 1.0002341041481357
817 0.5173209595933043 0.5188933239549067 0.5841171547564168 0.5936299301012464
818 0.0 2.1073424255447017e-08 6.557838461428371e-15 2.9893669801409083e-16
819 1.478110445535203 1.4477666561745088 0.11008571065183523 0.09156434682967805
820 3.0788119042913573 3.061733596433712 1.6014070236881108 1.5792469696075322
821 3.0636267102877124 3.0700810987022407 1.0675654321623818 1.0681707146255248
822 0.04533447849870839 0.0 0.009808374059635453 4.783309287441108e-16
823 0.882334317001595 0.8912543392297518 0.8680605399306014 0.8553388404401292
824 2.7675042008844146 2.7521148420901116 1.739559441725464 1.7107228959467757
825 0.06882820726647275 4.712160915387242e-08 0.046331465727497426 4.611102534756203e-16
826 0.013343588126728386 0.0 0.004767922321006624 1.6653345369377348e-16
827 0.08395872370077181 0.0 0.03167408054328563 1.1102230246251565e-16
828 0.0 2.1073424255447017e-08 0.015482838207726389 2.2887833992611187e-16
829 2.2831044720202227 2.282992771153065 0.3702947240357297 0.36853803715897876
830 1.4320437265604302 1.4307513285949527 1.441116220144425 1.437877602575457
831 1.6402413898408175 1.6529190180801594 0.8389853810813342 0.8555005234186107
832 3.124592872906302 3.135886401173369 0.3174926179563929 0.31053905945580795
833 2.4363032329422487 2.4376832751848907 0.6847232124363059 0.6821835635604907
834 0.0 0.0 4.1540741810552243e-16 0.0
835 3.10918214795872 3.1409484190576156 0.09048341818670129 0.10031355441327065
836 0.9265891337683396 0.9281887001689093 0.6038211772348455 0.6051320920588866
837 0.0 2.1073424255447017e-08 0.008869349855666791 5.551115123125783e-17
838 0.012042904478727438 0.0 0.007025956123683984 4.965068306494546e-16
839 0.6435502804478807 0.6514472498338695 0.2560438086778644 0.24120005660466276
840 3.035681161529804 3.033746690680407 0.41066339401264546 0.387924010980625
841 0.002568207579869414 0.0 0.0015349817820318077 1.5700924586837752e-16
842 0.0957742691172073 0.0 0.031044018982132198 2.242025235105681e-16
843 3.097579269742216 3.0931601221119887 0.6961353265045646 0.6938547492139938
844 1.4149593318007627 1.4044006846563046 0.9902438912907378 0.9973071205101711
845 0.0 0.0 1.1102230246251565e-16 1.2412670766236366e-16
846 0.0006637547484990932 0.0 0.0010522762840593398 4.577566798522237e-16
847 0.0 0.0 0.0012243357223295575 4.163336342344337e-17
848 0.03189285992588436 0.0 0.047296288811430616 3.510833468576701e-16
849 2.7776942056610907 2.7831992024714727 0.7705230623859479 0.7657507544723948
850 0.0009455823289649373 0.0 0.00038487794113072424 3.510833468576701e-16
851 0.001396652166884559 0.0 0.0034570623730830834 2.482534153247273e-16
852 0.0 2.1073424255447017e-08 1.7235296186091125e-15 2.5438405243138006e-16
853 3.0127776811960536 3.0157714989178275 0.41103413587068943 0.4174774357333416
854 0.17899783012821058 0.17425647125197996 0.3715489448377251 0.36552286577184967
855 3.0441190822190323 3.043312599815541 0.5831710535420429 0.5842142789064125
856 2.5705965336716403 2.613639157676978 0.581667010638385 0.57929185920997
857 0.0 0.0 0.011360964922128142 5.087681048627601e-16
858 0.001121978679500282 0.0 0.0005993312075768811 1.1464934308770758e-16
859 0.009834999898528086 2.9802322387695312e-08 0.005535218683140498 3.152427400121712e-16
860 2.845694397823834 2.8392988558669274 0.6775223319313491 0.6709298300403046
861 0.0 0.0 1.0770905885216414e-14 7.550332863779066e-16
862 3.091768488599205 3.093555163450875 0.35686116310457217 0.34835947045127835
863 0.0 0.0 2.8121384344314647e-14 1.012983452169639e-15
864 0.00555165621277637 0.0 0.006647059351051227 4.344434768182728e-16
865 0.009539405043980445 0.0 0.007830569973768145 1.7772239894833365e-16
866 1.4837710689294652 1.4640221903567323 0.4969083039778516 0.5026069397955089
867 0.003521966974258105 0.0 0.001673203224404863 5.688200336284365e-16
868 0.001582115924764873 0.0 0.0009510777168051051 2.2887833992611187e-16
869 2.7579378170898265 2.7723565108535038 0.8585611706052012 0.8879643047148236
870 0.0 0.0 0.009355951724418343 3.885780586188048e-16
871 0.012037694923722917 0.0 0.004486327701979107 1.9229626863835638e-16
872 0.000229668629432301 0.0 0.0007690756357762738 1.298611723169814e-16
873 0.003928950477890742 5.575503985246929e-08 0.004400152624874227 1.6653345369377348e-16
874 2.9802322387695312e-08 2.9802322387695312e-08 2.68024601344063e-15 3.510833468576701e-16
875 3.0931822284218473 3.096281447678302 0.08957551956399226 0.08633192990678094
876 0.39162283769398887 0.39480149600879294 0.5124278656067509 0.5072118311912548
877 1.20125579576368 1.2071067523890902 0.6191058626402449 0.6197617354357756
878 0.2289637818838527 3.6500241499888574e-08 0.09622611484399363 6.758924343478424e-16
879 3.0184856377159806 3.0130521190016237 0.1945558034105629 0.1813004715248965
880 0.07527593982053336 0.0 0.010777246813431923 6.206335383118183e-17
881 0.03203944899052366 0.0 0.025734262366239727 6.377745716588144e-16
882 0.002339104362913854 0.0 0.0014916496712590649 3.2159359137519293e-16
883 0.02544624344097809 0.0 0.015885165116990025 2.482534153247273e-16
884 2.960303348416614 2.9683506391505516 0.32433587665719554 0.32608222767223527
885 2.550650886057871 2.5848852357346512 1.2087618044480357 1.2200560944515584
886 0.1126300677858555 0.0 0.06315835793035696 2.2887833992611187e-16
887 0.0 0.0 0.008689975374227015 1.6199010924212654e-16
888 0.32587366307755483 0.3478172468664453 0.23630739464720496 0.2568482917353834
889 2.9370411590161347 2.9328628586183703 0.30350292536181483 0.2785355925863848
890 0.0 0.0 3.3306690738754696e-16 1.1102230246251565e-16
891 0.000902591909127149 0.0 0.0005877430698567389 2.482534153247273e-16
892 0.02403215892699036 0.0 0.017241478105676316 4.710277376051325e-16
893 0.046037716512467616 0.0 0.003695368074275763 3.188872858294072e-16
894 1.5819065777519108 1.5896014218301773 0.2342140795722822 0.2347892042233762
895 0.00011429199772987811 0.0 0.00010459390479973135 6.206335383118183e-17
896 0.0 0.0 1.5192216577424321e-15 4.47545209131181e-16
897 0.020332838717177986 0.0 0.01037376326506921 4.1540741810552243e-16
898 0.0007194146803634237 0.0 0.00047982001909525754 1.1527756336890508e-16
899 0.01970938358923434 0.0 0.006528282712328233 2.5438405243138006e-16
900 0.0009646725349531984 3.427466614928661e-05 0.0017991163089702124 4.549521740551541e-05
901 0.002425923904588142 5.575503985246929e-08 0.00103143219176366 1.0488523176472411e-15
902 0.00048318585396049196 0.0 0.00026743076958629024 2.5438405243138006e-16
903 0.004023523043511854 0.0 0.0020654711245869112 7.108895957933346e-16
904 0.00572313266755082 0.0 0.005661861140820181 2.482534153247273e-16
905 0.014275304081305734 3.670750971972417e-05 0.001953700444463496 7.461998071595799e-05
906 0.002987471781395506 6.696177965101336e-06 0.003369109174217399 6.250434791121374e-05
907 0.0028466070558927302 0.0 0.0012880682225518325 4.1540741810552243e-16
908 0.025818895809084613 3.975979421352049e-05 0.00428078303736607 0.00014644663003025976
909 0.008987636513589466 0.0001652665130995279 0.008678279224818099 0.0003511414494754671
910 0.005321310050731211 1.7603601418715594e-05 0.005378433979621794 2.897174077552163e-05
911 0.01032190594691672 2.368001282957612e-05 0.004209023638603389 2.368588836541217e-05
912 0.018797980330783733 1.007541107802926e-05 0.0037701424528848713 4.433823627285304e-05
913 0.006544803967068091 9.555839440848437e-06 0.0030722974023541143 3.667777882008269e-05
914 0.0026090815490120143 3.0769920075021444e-05 0.0016221771196629638 2.7969225910908174e-05
915 0.0002703876899886553 4.6718640919223674e-05 0.0022891151195813773 1.9124342506518968e-05
916 0.009709867757893278 9.555676783713731e-06 0.00930697771126678 3.667779506954286e-05
917 0.006623939041089143 0.00014430280204168802 0.0037156088789769095 0.0001509006238634211
918 0.012333656622249568 5.4268768884939613e-05 0.008948215070257105 0.000216673947653077
919 0.0011544816955959658 0.0 0.0016493753382638423 6.798699777552592e-16
920 0.09200281093293321 0.0006104566132160538 0.02768722849425224 0.0008366728775683631
921 0.001882398563472204 5.207446530043313e-05 0.0032395579144106155 0.0003333370176265933
922 0.0027192282287750278 0.0 0.00042929074813734844 6.317061694150495e-16
923 0.012168194499124672 0.00021087804318351515 0.007392917772081941 5.210020621709476e-05
924 0.015080575589071603 0.0001298173222926387 0.007540590887648431 0.0001809426248234395
925 0.0006695805017617597 4.408492359036901e-05 0.0005205699797475979 1.0952178662016228e-05
926 0.019498945546694388 3.230429467986361e-05 0.012156192833344131 5.232339662510909e-05
927 0.02447191561591734 0.00017212037895949706 0.006329104637059754 0.0001864054182639775
928 0.0021102288228214507 0.0 0.0031150244052140772 4.839349969133127e-16
929 0.000811118035624897 2.8192634686977193e-05 0.0018124524837739686 2.756494494538641e-05
930 0.006037334810881601 0.00015958572364574327 0.006435894439892881 0.00024108279226156356
931 0.0011179506118185888 0.0 0.0006708533398179599 5.564975606931872e-16
932 0.006440824128677324 7.888804214417218e-05 0.0015218758489745302 7.032157410315458e-06
933 0.003135355367682827 4.464929992833803e-05 0.00024355575486452257 4.0251161285817626e-05
934 0.007678079610945209 0.0002613330906698692 0.0086408407665507 0.00019337107911985166
935 0.0002137358790202636 3.3151637794521876e-05 5.164229028447508e-05 2.1470551609125208e-05
936 0.011900028365247636 0.0 0.0018470176282350311 2.482534153247273e-16
937 0.002020160446856214 0.0 0.002804907443994209 1.159106867033638e-15
938 0.015837766607255117 7.016694948608239e-05 0.006256359829864436 0.00013399816618782213
939 0.04079181113224549 0.0005633144294081528 0.0051347541520286605 0.0007198910200674353
940 0.004793501694437606 0.0 0.004755005916639616 5.638064797309902e-16
941 0.0042997230482295 3.046836752776766e-05 0.0037245211902423004 5.421695144565229e-05
942 0.037404366269104074 2.8778390056986267e-05 0.009625487270900578 6.372936094389927e-05
943 0.0300834106020032 0.00019745162748014748 0.016799111952319767 0.00014523814532751332
944 0.02348626603291003 2.2661614220868705e-05 0.008506301347110494 1.1263049658575045e-05
945 0.010625680811828247 0.00013808850694248736 0.0052490127016388095 0.00027195470585450785
946 0.011548482411845683 8.591015044986705e-05 0.01137195401609069 0.000188444251029681
947 0.0021606002654318405 3.046821448548829e-05 0.00421027851438038 5.421694713596008e-05
948 0.0003672057040722069 2.3866543805495607e-05 0.0006947835263158958 4.4707630241959285e-05
949 0.002255095844368121 4.680841595304263e-05 0.0018697358592665674 5.751908259558657e-05
950 0.003933690038804502 7.958159857656468e-05 0.003417998050444715 0.00019594291251109672
951 0.0012948593208388236 0.0 0.003322137968110636 4.1910000110727263e-16
952 0.022854657770170584 0.00019192371937499622 0.010105456448077532 0.0001757657721694405
953 0.001501759929392878 7.211484660520801e-06 0.003625732974175499 9.594360661077248e-06
954 0.0010579403422828007 5.2370991186295436e-05 0.0032807412308749153 5.103474546303111e-05
955 0.00012614327864954712 2.9802322387695312e-08 0.00025900745366948485 7.613582564480865e-15
956 0.004466258609664527 3.3425719350453485e-05 0.006563545452442905 1.7007577345057797e-05
957 0.0032204641104925215 0.00014021541060506328 0.0009830704250337855 3.864667478571016e-05
958 0.0011945168806498266 0.0 0.004732289412771167 1.2600542234970832e-15
959 0.007154398324823175 3.4581919403157624e-05 0.0014627718828361916 5.118842671264801e-05
960 0.003675776438893089 0.00016464918173471056 0.001206618751688505 0.00021909682603472378
961 0.003459608547753594 7.21136149780937e-06 0.0020380055391294974 9.594360125879018e-06
962 0.05591984729203894 1.0075389039737616e-05 0.006524043638272873 4.4338240315072036e-05
963 0.0011027348959932047 4.408516535356031e-05 0.001684371907268654 1.0952185135606223e-05
964 0.03805488767352844 0.00037271540546596985 0.01657660196639008 0.0004596566589005281
965 0.0003923547369394757 0.0 0.0006060781947682644 1.477776708776681e-16
966 0.005616674017755987 0.00013510262858996473 0.005102861918011794 0.00020806756784118213
967 0.033489481133579836 1.6620106179720872e-05 0.005948372012414575 1.6109185986131936e-05
968 0.0062813423947668656 7.945872595499279e-05 0.011638418419301378 0.00017111080893308922
969 0.012006430882039485 3.015027473029864e-05 0.005076486234143536 7.377571537178391e-05
970 0.02086431087587793 3.924189043254339e-05 0.01026830625932399 0.00028069041117467113
971 0.005981190658914343 0.0 0.0018159784623921938 6.439353360598966e-16
972 0.0010967714090008645 5.71717844461738e-05 0.0012508131099359147 3.9868152358789144e-05
973 0.026588597538869024 5.889183229529408e-06 0.007161409363747495 3.763660370055228e-05
974 0.002471161480052094 0.0 0.0012415022936621215 5.551115123125783e-16
975 1.6623429197708928 1.6881449846955048 0.4377823012075365 0.43940469395230736
976 0.0 0.0 1.1545919128359507e-14 1.6946818973100072e-15
977 0.0038438528314295585 0.0 0.0032522132898865825 2.4912465244908755e-16
978 2.342618702979804 2.338754712799955 0.4740580691559507 0.4514446133156738
979 0.0 0.0 0.00018001155782554346 1.2412670766236366e-16
980 2.1691313372796044 2.1427717168849405 0.35849135138432153 0.3410675168222664
981 3.1204128026621882 3.1134259791844965 1.2771492756167961 1.2884750565990488
982 2.2374274243201433 2.257620803892528 0.27636009325138644 0.2787050520192354
983 0.9307720358429981 0.9769616544186898 0.2091267538824637 0.22103442925976036
984 0.002065110102411216 2.9802322387695312e-08 0.0016184515081658826 2.2228841655759984e-16
985 0.04704326373427665 0.0 0.06598918437211222 7.447602459741819e-16
986 0.033805429839363674 0.0 0.00918341243484075 2.665835984225005e-16
987 2.9802322387695312e-08 0.0 0.013898513344439138 3.764949453935611e-16
988 0.9142409898722461 0.913275097198253 0.5219066742297827 0.5044333308797032
989 0.37438998027641224 0.36904342187496475 0.5221401015310124 0.5244061929076463
990 1.4624906379640072 1.483619638515983 0.7597773538064833 0.7667593957277059
991 2.405303450697847 2.396058238257745 0.10971191830897187 0.08764145224191608
992 0.0 0.0 0.006720184029927569 2.482534153247273e-16
993 3.1085475012517927 3.12048863018476 0.6594017569196664 0.6671457099206538
994 3.0366528464475064 3.040982073324609 0.5834646977347552 0.5882515351349089
995 0.004929488738416234 0.0 0.004826320207826528 4.0125770192081414e-16
996 2.7438590271321672 2.7449573306257746 0.9627314651046871 0.9697757669298911
997 0.0006610425964023343 3.6500241499888574e-08 0.0003261942619003498 2.31492981972618e-16
998 0.5148033906788643 0.49519715289188554 0.550348522590623 0.5540696846553045
999 2.808616812338968 2.8191226726844434 0.3977252398316061 0.40431370992630006
1000 0.0 0.0 1.1575248094621414e-14 9.309503074677273e-16
1001 2.462881538615862 2.468253907959741 0.8821320643295956 0.9143138389937705
1002 1.7869339216194986 1.7699954955741146 0.2244415901227763 0.25013925638165635
1003 0.0 0.0 1.3112857256711536e-15 1.3597399555105182e-16
1004 0.0 0.0 3.5248706829650486e-14 8.8470216988485605e-16
1005 0.0 0.0 3.774758283725532e-15 2.482534153247273e-16
1006 3.068674759500091 3.0693705978904684 0.5396082218869224 0.538614982398445
1007 0.0 2.1073424255447017e-08 0.0028310734304092732 5.551115123125783e-17
1008 2.950418441242296 2.94324621946632 0.8756270757729266 0.8646379357923859
1009 2.661205278290468 2.643668787019286 0.3839991513958596 0.3872356940348457
1010 2.9893278153694705 2.9919625894499515 0.613070171928993 0.6165268233571602
1011 0.3371424278404908 0.33006320398634104 0.8116304545249111 0.8120436086826283
1012 2.5756804567770124 2.5800812482335274 0.2410337767165875 0.242276742733674
1013 0.0 0.0 0.0022458244705911025 1.8463195827281384e-16
1014 0.015150534720273789 0.0 0.005929338635765626 2.0014830212433605e-16
1015 2.958265917629685 2.9604661614413255 0.23583624431519556 0.21506158938346273
1016 2.6851313613420453 2.700288313089432 0.44923891143900907 0.3945687454466559
1017 3.1033328953480543 3.0957247435216404 0.7252281050336394 0.7257557603620688
1018 2.808973981782809 2.7894144827153986 1.8582451768453514 1.8465367687889225
1019 1.0508312517714653 1.057526382757714 1.7669822022407167 1.768026609551258
1020 3.129467990315207 3.1333249604240225 0.5154111200635372 0.5126403326691815
1021 2.1795384319893185 2.163367528320762 0.4056569104247857 0.41969242100805426
1022 0.0 2.1073424255447017e-08 6.206335383118183e-17 7.850462293418876e-17
1023 2.9802322387695312e-08 3.6500241499888574e-08 9.104505742017336e-16 2.0770370905276122e-16
1024 0.03315351154256085 0.0 0.030792878758138808 3.3516096621164527e-16
1025 0.0 0.0 1.3391885469243657e-15 2.482534153247273e-16
1026 2.0783227246402833 2.0782038894170816 0.19634910458770985 0.20250564656894884
1027 3.068814725619393 3.0769876633653026 0.6334491300613081 0.6280432456535064
1028 0.005656450570425746 0.0 0.005635885563141215 1.7028588527878734e-16
1029 3.0935520537191583 3.09205283486942 0.4187755828256271 0.4118506567455383
1030 0.0 0.0 0.0009573035085865594 3.152427400121712e-16
1031 0.0007506209909657594 0.0 0.0003092757944114331 4.577566798522237e-16
1032 2.3970254717601254 2.371229592559364 0.8593650811093284 0.8590274854290761
1033 0.0 0.0 0.005436933091251969 1.6653345369377348e-16
1034 2.992517784596409 2.9865091587007586 0.881386484831492 0.8754132909468684
1035 2.4961977401288657 2.4770342528984957 1.094243336272966 1.1084703391099424
1036 0.6906344226391712 0.6796914992535658 0.1425637593182244 0.1591539768570142
1037 3.0041972149807266 3.018164590598233 0.9216120679096811 0.9262447881536904
1038 0.41645142319645967 0.4174719724608528 0.1987607885917532 0.18774613671377985
1039 3.045345052151568 3.0520826915040953 0.8730052893512626 0.8546473777831202
1040 0.0013760733674567597 0.0 0.0010135891899737109 6.620737537031165e-16
1041 0.0003408489406550952 0.0 0.0004812206301161901 1.3597399555105182e-16
1042 0.11666122421820614 0.10917745340786635 0.19099097025044137 0.18429853932681153
1043 0.00047821697714351845 0.0 0.0008540598040938444 3.7341307954279784e-16
1044 0.0009648685894590411 0.0 0.0022056504398921296 4.079219866531555e-16
1045 0.0 0.0 4.839349969133127e-16 3.3306690738754696e-16
1046 0.06542625989375628 2.1073424255447017e-08 0.03739964464659138 4.3885418357208765e-17
1047 0.8353880880350146 0.8430118323033539 0.35279606841986216 0.35676161128527756
1048 0.0 0.0 0.0028558030640001356 1.5700924586837752e-16
1049 2.3218895184528336 2.329973630356833 1.3315388369542005 1.3135508093087147
1050 0.00020122965849041934 1.3712355877860387e-05 0.0004956918722251346 8.802806505766505e-06
1051 0.0024345873407019313 0.0 0.0016784610355789088 2.2247786310271853e-16
1052 0.29746741578283925 0.28889453816693117 0.17124145194831916 0.16517946789224747
1053 0.0013596174317206675 0.0 0.0021331334138239514 2.482534153247273e-16
1054 0.0031835172737419404 0.0 0.003182220704697864 4.47545209131181e-16
1055 0.003836185916589337 0.0 0.0017043683087785966 2.633125101432526e-16
1056 0.016650666916040543 0.0 0.010279112221323236 3.3537189618722464e-16
1057 2.3089174122128355 2.3117200455954476 1.189379605103129 1.1930545917037163
1058 0.010405960596113482 0.0 0.015064942152833953 5.087681048627601e-16
1059 2.1073424255447017e-08 0.0 3.420210834786465e-05 2.7194799110210365e-16
1060 0.014415034871091092 5.16191365590357e-08 0.006611538791029822 3.0295643071604244e-16
1061 0.005077409748513308 5.16191365590357e-08 0.006050714516602096 6.737519483400931e-16
1062 0.46061287219317665 0.4516804976820712 0.8385657179680777 0.8086158620603987
1063 0.00035960850646949626 0.0 0.00014383005188345251 7.027150473277823e-16
1064 3.119489295954279 3.141592653589793 1.070285541115396 1.082847321957717
1065 0.0016708465645096204 0.0 0.00257526983300918 1.9229626863835638e-16
1066 0.01984607032950753 0.0 0.012969167090822251 5.087681048627601e-16
1067 0.0 0.0 0.003059900197849838 2.618455766672135e-16
1068 0.0008786812662742483 1.8695179979920896e-05 0.00039986302234985903 2.1206475615129285e-05
1069 0.007836359040036264 2.1073424255447017e-08 0.0011195643251447882 3.510833468576701e-16
1070 0.0012242856199686273 0.0 0.0006397711845803921 3.6821932062951477e-16
1071 0.0627948931785622 0.0 0.04366855113078895 7.447602459741819e-16
1072 0.00509011065335798 0.0 0.008366861539550609 2.5438405243138006e-16
1073 0.0003497338910695895 0.0 0.0007567784851245234 6.304854800243424e-16
1074 0.9833228832290685 0.9916951813945664 0.7782778106372121 0.7837741322449859
1075 0.009374935742363673 2.9802322387695312e-08 0.0029363424476137627 2.0014830212433605e-16
1076 0.006657736438707302 2.9802322387695312e-08 0.0028592596551299315 3.554447978966673e-16
1077 0.0008526233381776441 0.0 0.0005923697114860277 3.8459253727671276e-16
1078 0.0010548510016962635 0.0 0.0011349590472612948 5.525032997054197e-16
1079 0.0004913987672324098 0.0 0.003924225996890482 8.345155887641791e-16
1080 0.0063986145003804475 0.0 0.012021492353420435 9.359022057391012e-16
1081 0.005248113105345656 0.0003372505085334358 0.0047948944875552115 0.0005951938463636952
1082 0.00015992176967697216 4.2146848510894035e-08 0.0002938477378660802 1.3092278833360675e-16
1083 0.00012111802790026622 0.0 0.00021892662549771546 2.4196749845665633e-16
1084 2.1073424255447017e-08 0.0 2.9383390016489066e-14 2.5781329337466734e-15
1085 0.0006278422484103514 0.0 0.0004492692108972545 1.34337272710491e-14
1086 0.0012747262687439487 3.6500241499888574e-08 0.0031285530356817822 5.095246377785861e-16
1087 0.001381502454714307 0.0 0.0035920778172166125 5.269170801872276e-16
1088 0.002739984209928666 0.0 0.002058429381394679 3.592846427591284e-16
1089 0.007066265830305466 4.712160915387242e-08 0.00477339845180343 3.7238012298709097e-16
1090 0.0008672867834949147 2.9802322387695312e-08 0.0008212103662532658 2.7755575615628914e-16
1091 0.0013967056127825758 2.1073424255447017e-08 0.00303454278713305 2.482534153247273e-16
1092 0.006700334969525457 2.1073424255447017e-08 0.003738182968350966 2.5172027167143304e-16
1093 0.004324527020370608 0.0 0.0020378280949083587 1.9078803932353506e-16
1094 1.3157946641065101 1.3022866846480543 0.9647729222829935 0.9657890140177274
1095 0.02840363688046341 0.0 0.020870124035633937 9.630824789273724e-16
1096 0.004528557321731996 0.0 0.0014837993830288444 4.577566798522237e-16
1097 0.0016830286110750988 0.0 0.001804560309250352 2.8785957662940594e-16
1098 8.489581383215147e-05 0.0 2.5738365059518754e-05 7.0025507586917594e-15
1099 0.05154032312572364 0.0 0.028153222666542143 4.1540741810552243e-16
1100 0.0 0.0 1.3347409287224255e-15 3.447170978769293e-16
1101 0.0009155967784607983 0.0 0.000290127881102175 1.2888423398670571e-16
1102 0.0017291350062841758 0.0 0.004141119658569867 3.6821932062951477e-16
1103 0.02908250385146635 4.2146848510894035e-08 0.009728971552050852 5.613217783960923e-16
1104 0.006712609003016251 0.0 0.005060489313715548 2.793066411846225e-16
1105 0.050842352034280544 0.02738957482506455 0.11216884119016826 0.09060569470693994
1106 0.0004579008701757796 0.0 0.001605175847262249 3.787898901196402e-16
1107 0.0026495718958042275 5.592538210273737e-05 0.0016666130595994221 4.821561994914477e-05
1108 0.004225362632890547 0.0 0.0014455221505700147 3.554447978966673e-16
1109 0.0038883645854688206 0.0 0.004557280448927888 2.9893669801409083e-16
1110 0.013276496374327701 0.0 0.006777652456126515 6.78877776696119e-16
1111 0.0003032919978146866 0.0 0.0008064022793213776 5.978733960281817e-16
1112 1.5099708063845636 1.5132895156885036 1.140244502521574 1.1426941385185962
1113 0.0029193804677046203 0.0 0.0030269478279911183 2.7194799110210365e-16
1114 0.00036192757642530897 2.9802322387695312e-08 0.0005841096552907474 8.459761032879693e-16
1115 1.2490011797669507 1.2656113142015477 0.6095904786882809 0.6183250778399492
1116 0.0002516981869862203 0.0 0.0006032070361956959 9.28879225241625e-16
1117 0.0171369008228817 0.0 0.005410877789409973 4.002966042486721e-16
1118 0.0471858189552002 0.0 0.04775248950667273 1.2250292444381425e-15
1119 0.0009547258729419904 1.763023378771443e-05 0.0020476260295516596 1.4440917177673454e-05
1120 0.00034264850021305216 0.0 0.0007021097702572232 2.7755575615628914e-16
1121 0.0 0.0 0.001619041784220058 2.482534153247273e-16
1122 0.0023780043830937867 1.869570256521187e-05 0.0014037441890308773 2.1206656991812133e-05
1123 0.0006917290303835934 1.3712177753361563e-05 0.0018290233951699147 8.802842001191741e-06
1124 0.018426113443766046 0.0 0.005040608251495588 2.3551386880256624e-16
1125 0.0037408267908957808 2.9802322387695312e-08 0.00162469025821406 1.2412670766236366e-16
1126 0.0009580340396377582 0.0 0.0013132721152248942 1.2412670766236366e-16
1127 0.0009035463840404325 0.0 0.0005529613105731368 2.5438405243138006e-16
1128 0.028961061273419738 0.0 0.006261570471284897 3.152427400121712e-16
1129 0.005626388729985156 0.0 0.006166383506982786 6.206335383118183e-17
1130 0.00163712654629693 0.0 0.006462841402802031 2.0014830212433605e-16
1131 0.0020384727552499073 6.322027276634106e-08 0.0012724650703406408 4.742874840267547e-16
1132 0.00019375037970566203 0.0 0.0004404450709069272 2.0206364052201326e-16
1133 0.007416151539875003 0.0 0.00764239516012442 1.6653345369377348e-16
1134 0.004184131537404277 0.0 0.001779362652059935 1.2412670766236366e-16
1135 0.002169053136534646 0.0 0.0004544213974442104 3.3306690738754696e-16
1136 0.005939453959303085 0.00011177423295700146 0.0065820188420640255 0.00014861456332073244
1137 0.009570931317924967 2.9802322387695312e-08 0.015720210757294826 1.2412670766236366e-16
1138 0.0001554565598153212 0.0 0.00048816773423499026 1.1443916996305594e-16
1139 0.0009048366248002534 0.0 0.002169881462322542 3.5354328361705813e-16
1140 0.0008151443904728336 0.0 0.0004991191981027108 4.710277376051325e-16
1141 0.00023205961645853128 0.0 0.0003295560770794058 4.577566798522237e-16
1142 0.002910093985889362 0.0 0.003971778249236144 2.7755575615628914e-16
1143 0.005900622918737113 2.9802322387695312e-08 0.002060501274649092 1.9229626863835638e-16
1144 0.0006486051954194454 0.0 0.00029569447759599725 2.9893669801409083e-16
1145 0.0015468087849437931 0.0 0.0011738926451117545 1.4946834900704541e-16
1146 0.0012948523763261289 0.0 0.00022385244055644777 5.551115123125783e-16
1147 0.000991664794480432 1.6883745550168152e-06 0.0016758511377452739 1.1218694054374482e-05
1148 0.13021193784652435 0.0 0.052986438361079566 1.191874962812805e-15
1149 0.02787317485494449 0.0 0.008644508403805628 1.5700924586837752e-16
1150 0.006556614592223516 0.0 0.004206742786601591 6.901322157724297e-16
1151 2.438242318064765 2.448942365694401 0.9034639243276112 0.9097264933280084
1152 0.0020646648737799142 0.0 0.00204700317383454 2.0816681711721685e-17
1153 0.0007882288690883557 0.0 0.002607390267502725 5.551115123125783e-17
1154 0.0011340123312642103 0.0 0.0035440764358096455 3.510833468576701e-16
1155 0.0006188361370525555 1.6898205879135756e-06 0.0001606354090769687 1.121868908755637e-05
1156 0.003749893822294115 4.2146848510894035e-08 0.003943659710697143 7.791361360319881e-16
1157 0.002476650603454442 0.0 0.0038090575392462026 3.351026004374306e-16
1158 0.0074667499155418576 0.0 0.002503555893490805 1.6782945342419286e-16
1159 0.001104811631859884 4.2146848510894035e-08 0.0012151575844384626 3.554447978966673e-16
1160 0.0019077235584782967 1.618246895955432e-05 0.0034827274505157013 1.575293258296632e-05
1161 0.002249892269526215 1.6182194531111707e-05 0.003006641327731547 1.575279237599083e-05
1162 0.001007295700796653 0.0 0.0026187506244825993 4.079219866531555e-16
1163 0.007047000572585274 2.9802322387695312e-08 0.0023999243681767485 4.579669976578771e-16
1164 0.0006710386290684776 0.0 0.0003507770939971012 2.3016322584809547e-16
1165 0.028192861641968082 0.0 0.00877094877750387 1.4946834900704541e-16
1166 0.0010702158036183964 0.0 0.0017314501201372537 1.1102230246251565e-16
1167 0.003535690265434574 2.9802322387695312e-08 0.0008001397729384163 1.5700924586837752e-16
1168 0.003403425134113818 5.960464477539064e-08 0.0011089352218545316 1.249000902703301e-16
1169 0.005284070420652919 1.582786724175708e-05 0.0026350161667389265 4.4767816339710714e-05
1170 0.0019779824305706513 0.0 0.002523811075601572 2.482534153247273e-16
1171 0.0015508553089160217 0.0 0.002994312722393041 1.6653345369377348e-16
1172 0.0010748393323725392 2.9802322387695312e-08 0.0011373398844953244 2.5776846797341143e-16
1173 0.001937027772640064 2.9802322387695312e-08 0.0025208531402959016 1.1102230246251565e-16
1174 0.0015607497854162131 2.9802322387695312e-08 0.0016542086361776688 1.8619006149354548e-16
1175 0.000926903060944053 0.0 0.0017362274601922599 3.2487068343022356e-16
1176 0.0021380843368506296 0.0 0.000594876719236578 4.652682298944613e-16
1177 0.0030017412840933266 3.6500241499888574e-08 0.0008886112784724666 1.0385185452638061e-16
1178 0.00037467633712886015 0.0 0.0013485105691699152 4.710277376051325e-16
1179 0.006374930316798446 2.9802322387695312e-08 0.005020363709882385 2.7755575615628914e-16
1180 0.00011993194757217941 0.0 0.00295940667607745 3.764949453935611e-16
1181 0.0003499749846004485 2.9802322387695312e-08 0.00028602242355916634 9.813077866773594e-17
1182 0.01484153665994289 4.2146848510894035e-08 0.008217371330780784 5.661048867003676e-16
1183 0.014377397569423892 0.0 0.006635542140248574 3.4618057540754037e-16
1184 0.0015812878818189755 0.0 0.0014468399650051493 3.510833468576701e-16
1185 0.0010785755825118526 0.0 0.0008764264146756602 3.188872858294072e-16
1186 0.04462393849126714 0.0 0.019766286854904735 3.979442042262212e-16
1187 0.0014288134898986934 0.0 0.0008896965191937499 2.220446049250313e-16
1188 2.4727761135511184 2.4785612517733933 0.773686556073748 0.7770996938335798
1189 0.0016984101849773338 0.0 0.0018388797463631651 1.2888423398670571e-16
1190 0.0008869301639738409 0.0 0.00046942205318423717 3.1401849173675503e-16
1191 0.0033876705755695596 3.6500241499888574e-08 0.002302085949235327 5.585701844806365e-16
1192 0.0005165222170991871 0.0 0.0010555476167473106 1.1102230246251565e-16
1193 0.0022446294669358244 0.0 0.002151066413107048 9.25971927890472e-16
1194 0.0038789910871467733 0.0 0.0007560187929738494 2.7755575615628914e-16
1195 0.0021602328947349413 1.6182386631510196e-05 0.0016966219663292108 1.5752802790518304e-05
1196 0.0027947819485997865 1.688111506864558e-06 0.00066835789988842 1.1218694357425776e-05
1197 0.0004597238924280021 0.0 0.0012485353020983423 4.0083750524433855e-16
1198 0.0003393214102062518 4.2146848510894035e-08 0.0039031841012566876 3.6248664865870465e-16
1199 0.0018282343260707663 3.512641470874661e-05 0.0022551744006263767 3.2815875737201726e-05
average rotation error (rad) without icp: 0.8044260153896532
average rotation error (rad) with icp: 0.7978432037108051
average translation error (m) without icp: 0.3487051678910899
average translation error (m) with icp: 0.34381989454040124
