0 0.004488442700687547 2.9802322387695312e-08 0.002833910013108037 1.5700924586837752e-16
1 0.0081499113528194 0.0 0.008198483101531224 2.237726045655905e-16
2 0.004581128900447679 0.0 0.0035436811140593565 3.3306690738754696e-16
3 0.0024138655479558 0.0 0.0009878813012750602 3.188872858294072e-16
4 0.00027866877852589716 0.0 0.00016565622167706058 7.417804156968781e-16
5 0.0059950661064183414 3.9502834992754785e-05 0.002700689421372513 1.3859051998365873e-05
6 0.006464519895111669 0.0 0.005028592767612778 4.2440852730454916e-16
7 0.00169666167161589 2.180334728531077e-05 0.0007451564474431788 9.647074432494804e-06
8 0.00820573872365352 0.0 0.003742384367257793 2.2887833992611187e-16
9 0.00909908415402972 0.0 0.027266553757740983 1.4946834900704541e-16
10 0.7936698130399122 0.7347636020097265 0.975521667091371 0.9582895175507958
11 0.01891350774768712 0.0 0.011554098821044329 4.0053709487069576e-16
12 0.022649331083661916 2.9802322387695312e-08 0.01441575545867638 3.6821932062951477e-16
13 2.615695716421195 2.6046811280303124 1.5162722955839891 1.509307565244487
14 0.0043597101663818425 0.0 0.002694416008676768 3.554447978966673e-16
15 2.995650886998418 3.022578198470204 0.7715191799701863 0.7575615343154237
16 0.0062835358933636615 0.0 0.005796041058456495 5.23691153334427e-16
17 0.000134253478705713 2.912542406440392e-05 4.969973128803311e-05 1.417376004268347e-05
18 2.2265822407098583 2.22259637030865 1.5807185227693563 1.5860317530194288
19 3.0703055508474546 3.0869519492713597 0.4071364556655729 0.4081657202536755
20 0.0024966205301045694 0.0 0.0011805757999674726 3.8459253727671276e-16
21 0.009979086060845707 0.0 0.007936788292104579 1.7826341206873999e-16
22 0.07250721025136617 0.0 0.04984215136845234 3.521787733787174e-16
23 0.01079958671797385 0.0 0.0052084976604108045 2.5438405243138006e-16
24 0.0017142817465449064 4.2146848510894035e-08 0.0016954577000219447 3.7373529297710736e-16
25 0.0033349024640357814 4.2146848510894035e-08 0.002771616022936869 4.449557262054371e-16
26 0.0011485661267450643 0.0 0.0013166214444831556 3.379462171739212e-16
27 0.016310078846219836 0.0 0.008038103813027532 2.482534153247273e-16
28 0.008742739865262772 0.0 0.0014209140639762465 6.206335383118183e-17
29 0.8647769993165593 0.8005037197399363 0.8395558161324433 0.846565265154659
30 0.01237712350914895 0.0 0.0115344213345524 4.965068306494546e-16
31 0.004599329013496549 2.9802322387695312e-08 0.005238065788745444 1.1102230246251565e-16
32 3.1163587038971423 3.1140112237369264 0.9473885879331365 0.941268238999127
33 0.12333663422341251 0.0 0.07703186648195923 1.7475132812282175e-16
34 2.7099281750464335 2.7209338525848294 1.6850852239310115 1.6705910151335206
35 0.0023313524914015415 4.2146848510894035e-08 0.00703164955970264 9.794661063803545e-17
36 0.004285628857156866 0.0 0.005922603005445023 8.15843973306311e-16
37 0.0005185079323501751 0.0 0.0022020624198756215 2.2887833992611187e-16
38 0.004119067946217725 0.0 0.004769575306996757 7.947987303456224e-16
39 0.009638010026964232 2.9802322387695312e-08 0.002151772871179284 3.510833468576701e-16
40 0.0005509983046652737 0.0 0.0017453340777872875 5.117875266520903e-16
41 0.0 0.0 0.0019692627321085017 4.3004351280979035e-16
42 0.0006639161584235242 0.0 0.001277263627268823 4.335559509131367e-16
43 0.0303540280194972 0.0 0.02396157249569016 3.9745993972772024e-16
44 0.005218075008308795 0.0 0.005123497089592853 4.920258062434079e-16
45 0.0018491500643809118 0.0 0.0031394414893479382 2.5438405243138006e-16
46 0.00019292664230964612 0.0 0.00015328330168650031 2.3551386880256624e-16
47 0.0002462038239633741 0.0 0.0007506062063254487 5.087681048627601e-16
48 0.06517567289972559 0.0 0.027363028734400736 4.584004733797729e-16
49 0.0005630787945746297 0.0 0.0016430580035578172 4.814537421904167e-16
50 2.9802322387695312e-08 5.16191365590357e-08 0.0038195670205554144 1.5700924586837751e-15
51 0.011570911406157016 0.0 0.012195477135434762 2.0014830212433605e-16
52 2.3324478133057838 2.403238889416934 0.3891556956342077 0.4044273652513001
53 1.6851571807365147 1.6964397718709936 0.712232610451089 0.7101617030752039
54 0.007428963045283795 0.0 0.007968898068879288 5.117875266520903e-16
55 1.7146105230104265 1.7006923935868532 0.8115345270926586 0.8010240049060033
56 0.0011326705850656965 2.9802322387695312e-08 0.0025408843815136277 4.965068306494546e-16
57 0.0017038618818434284 1.2747558020739334e-05 0.0013073413792433254 1.3764854217208118e-05
58 0.10322598786197978 0.0 0.036983947538129704 3.3306690738754696e-16
59 0.0001311851788205654 0.0 9.942789487472283e-05 2.7265526925652344e-16
60 0.015365208536380745 0.0 0.007107761292211509 4.577566798522237e-16
61 0.0001709164061439755 0.0 0.0003375408649949499 1.9229626863835638e-16
62 0.008191600101774906 0.0 0.004764636010308462 5.763878168445254e-16
63 2.504929336023206 2.545854059968974 0.8997398005777489 0.8879725062515417
64 0.0013183295806845677 2.2244613940955632e-05 0.0021345359222287555 1.3058437109428171e-05
65 2.6271666352570904 2.6394276248984565 1.640245517432823 1.632023430702399
66 2.7902359085918707 2.8081328716529903 0.9045415408247863 0.9090140460231719
67 2.9114061210019453 2.8842074209450965 0.4580501778234578 0.4545935967078463
68 0.000327451883223916 0.0 0.00027979793509143764 7.771561172376096e-16
69 2.2090188305793412 2.1844716996992077 1.1787001044294028 1.1869225707787823
70 0.01034884921159137 4.712160915387242e-08 0.011688399643730111 4.965068306494546e-16
71 2.3102691047764 2.2946766037120665 0.36386408043423724 0.36861450774038634
72 0.0031162597537505838 0.0 0.0014575336888757512 4.1910000110727263e-16
73 0.0 0.0 0.0010279898127697215 3.9448084808579573e-16
74 0.00017356067377046416 0.0 0.0003081643751802585 5.661048867003676e-16
75 2.770532111203458 2.7850180229427437 0.7958467732326036 0.798103127052071
76 0.9480528992751703 0.9633702697739701 0.9772718862305415 0.9776547281059498
77 0.12652567381927574 0.0 0.0918348833870385 3.521787733787174e-16
78 2.185010786829508 2.179508793132439 1.2555895669597341 1.2476421076238133
79 2.6048003430240483 2.6018269169060635 0.9113621241251043 0.9117447273229589
80 2.9802322387695312e-08 0.0 1.312258401202003e-15 3.994575135831351e-17
81 0.10879275493561258 0.0 0.18113538765764717 9.992007221626409e-16
82 1.0409012092634728 1.0486338676432982 1.5006589726711852 1.5082489506469339
83 1.4992961671861584 1.5033782282672912 0.5387944963311831 0.557623977213233
84 2.44436491362707 2.4452331480600353 1.0775670946845692 1.0883510027494874
85 2.9802322387695312e-08 0.0 0.0020596136134474197 5.552173813354909e-17
86 1.2107746335395873 1.2217925185158764 1.1615428750583374 1.1635176724367795
87 0.0 0.0 1.4885297347581923e-14 4.0125770192081414e-16
88 2.0441695988865916 2.03621703050181 1.8675592807636356 1.8817643084362274
89 2.9802322387695312e-08 3.6500241499888574e-08 4.259915763016247e-15 1.1443916996305594e-16
90 1.8587641762414453 1.7978499183542467 0.17521866290042615 0.17816554333644496
91 2.8214244084512514 2.8090092775311097 1.6818698123637823 1.684418377722161
92 0.8776817902178169 0.8726209251705279 1.8119116197267544 1.8099987732834737
93 0.0 0.0 7.126443352367862e-15 2.3055512673781017e-16
94 3.1361580857610605 3.1391008890707317 1.9392155391397092 1.9426047947199205
95 0.6731345298109417 0.685533973836077 1.075581498026666 1.0781335803663736
96 0.011327317465559735 2.1073424255447017e-08 0.006969383012763172 2.482534153247273e-16
97 0.5863975792073071 0.5847039234091518 1.596922219829629 1.6029445511236005
98 4.712160915387242e-08 4.712160915387242e-08 9.09451576609093e-15 8.238311188599651e-16
99 2.566412165413191 2.563753305275748 0.7518736838656229 0.7422643410506078
100 0.5014941198769584 0.5036662579735085 0.17289758701042307 0.12746412315032443
101 3.0876564034914473 3.0884371529836634 1.8831258362739822 1.8767108489907494
102 1.4755618907207466 1.4845304669506778 0.514696016040899 0.5229852340991245
103 1.01995425786919 1.0179356601286889 2.2539310049961503 2.2758009363222294
104 2.8641479020508296 2.863924713694072 0.5708334850759849 0.5726098433225052
105 1.8457052671430207 1.829332829023823 0.8786534797795292 0.8564634719836967
106 0.02302476559322515 0.0 0.011650193272968784 1.7772239894833365e-16
107 2.402614907645174 2.398220494668993 0.6792404436565918 0.6887199573275488
108 3.052050586015953 3.065962365767073 0.44825868346051484 0.43601450854144824
109 0.0 2.9802322387695312e-08 6.497413668604471e-16 1.5700924586837752e-16
110 2.9802322387695312e-08 0.0 2.220446049250313e-16 2.498001805406602e-16
111 1.0820765689389056 1.0757847554081008 0.5601931465181222 0.5716947689507013
112 0.49633291660324275 0.49517809953043956 0.6748108149062522 0.6775985187433557
113 2.9802322387695312e-08 0.0 0.0013361418739786131 5.551115123125783e-17
114 1.1586074837454745 1.1761925404823879 0.6547558285678593 0.6409304464902678
115 1.5324437275340663 1.5463902768119726 0.10260224906651627 0.09951453202631264
116 0.4722143504897337 0.4697436394847292 0.11114797036073498 0.11078948871096225
117 2.986867081048702 2.9895572428957826 0.26734267778309245 0.25840200134837604
118 2.4470988336534387 2.4449400696889576 0.5737504435353183 0.5691109014761766
119 0.0 2.1073424255447017e-08 7.771561172376096e-16 1.9229626863835638e-16
120 1.5342332369264011 1.5308181772987532 1.52992950181961 1.535990022076043
121 0.02470595029825328 0.0 0.024241663654336696 2.2887833992611187e-16
122 0.16275455716393966 0.1632995439168202 0.17324560056425595 0.16306823020260838
123 0.0 0.0 2.467593992571445e-15 3.510833468576701e-16
124 2.9802322387695312e-08 2.9802322387695312e-08 1.5700924586837752e-16 1.5700924586837752e-16
125 1.4179170420241165 1.391094453703885 1.4734684043808584 1.4786293315066352
126 0.05236542126175469 0.0 0.018003996413924434 3.510833468576701e-16
127 2.972468996356122 2.9949807223103906 0.9709936476012393 0.975496160131407
128 1.9840647199983306 1.974913896517609 0.6075584650688258 0.6197212885593429
129 0.0 0.0 3.1660827807476365e-15 4.1540741810552243e-16
130 2.9508724018321684 2.9550877942472793 0.3863266771075983 0.37751129315401366
131 0.0 0.0 1.457101633618084e-15 1.3877787807814457e-16
132 1.3043877834550344 1.363058266257316 2.072398085509119 2.04559039413033
133 2.7146942796521585 2.7217431220082724 1.3007671089346444 1.2955274318481538
134 3.0942007334083437 3.097210783019545 0.49039432368911795 0.4901315778164072
135 0.0 0.0 4.354707407440192e-15 2.3714374201337736e-16
136 0.0 0.0 2.7194799110210365e-16 1.9229626863835638e-16
137 0.0 0.0 2.0014830212433605e-16 1.6653345369377348e-16
138 1.554060625156312 1.5640286075956635 1.8720594660816634 1.877999117056697
139 0.0 0.0 4.611102534756203e-16 1.1443916996305594e-16
140 1.860210751206805 1.866307878125254 1.1191422114695386 1.1221587257836363
141 2.587484170674474 2.5873301593893068 0.8675473201313231 0.8624289980104675
142 3.064103417824264 3.0706319854479527 1.1556155711201095 1.164514757642545
143 2.9229842069582963 2.936713710939048 1.6395645550339797 1.6546483208025495
144 2.578767369184252 2.5921830224426152 2.8429038762986636 2.8650017359928728
145 0.0 0.0 4.869818370658876e-15 4.002966042486721e-16
146 2.7262690498788187 2.7317662717968947 1.4667880778876727 1.4727920959853913
147 3.0935248428905853 3.0638064260904185 1.2969197464605693 1.2763744067225093
148 0.0 3.6500241499888574e-08 5.020921489134356e-15 3.3306690738754696e-16
149 2.9803523656950324 2.987520637816569 0.6049844348630123 0.6034793618518074
150 0.0 0.0 2.7755575615628914e-16 1.2412670766236366e-16
151 4.712160915387242e-08 3.6500241499888574e-08 5.900916318210353e-16 2.7194799110210365e-16
152 1.4539217799890518 1.4555564358312774 0.45825731646434553 0.4587603814141655
153 2.027390640890534 2.0365848083679645 0.4027732389361194 0.40160456665917943
154 2.721657339384661 2.7195359654559006 1.3107666860607285 1.3107179967933609
155 1.7935847971659806 1.7892080016881824 0.9067523821942644 0.9095554396293825
156 0.39964227007135317 0.38855073839887555 0.29225683076327674 0.2890139394507841
157 0.5857572340938239 0.581740104070195 0.9799012643478812 0.9874695681037541
158 3.043840888849636 3.0520989679952915 1.1081112746307449 1.110041831236426
159 3.1167497130260293 3.108684854510835 2.1272470575745066 2.1460990589371063
160 0.41451316220796075 0.4244285720770048 0.24290240438214 0.20050704494004545
161 0.48040848716386847 0.4904329975063509 0.4376700603372826 0.43605982711782143
162 2.1406146094549885 2.1324739395491825 1.3404842039823017 1.3435012582531418
163 2.5815870653030464 2.571769273032731 0.5914080289687343 0.6035472434889676
164 2.8813433217541875 2.8827439406052773 0.9289060215913352 0.9298939849673146
165 2.7017830564231438 2.6877903170759376 0.6686604713310781 0.676802603057558
166 1.6362280329870698 1.6345172174986944 1.4343779226658901 1.4378618494615127
167 1.7896846134201836 1.7316962047128193 1.4117961912177128 1.374865795207475
168 3.0566956680584236 3.0566956680584236 2.626163525085565 2.626163525085565
169 2.6762201605764653 2.665217578316248 0.6641238267979631 0.6513668796006482
170 1.7832321199717684 1.7714296298570003 1.3927696425534 1.3850689322205234
171 2.8152046523889886 2.794484177805441 0.2828784898798983 0.26795218674595117
172 2.9934756030863405 2.9725496767207744 0.5640800904536379 0.5452712128555969
173 0.0 0.0 2.2864682009682863e-15 3.1409514705139295e-16
174 0.0 0.0 3.542290046519584e-15 2.3055512673781017e-16
175 1.8751861200655033 1.8754680115808589 0.9563443988735609 0.9460643046800326
176 0.0 0.0 2.777777120143555e-15 4.1540741810552243e-16
177 0.45786074275143546 0.44777857982032754 0.3522555583716159 0.3636587620368766
178 2.0127916663944694 1.9941414668672357 1.3450808109635353 1.327177351637876
179 1.9545275133472848 1.8847342789066635 1.5830171976369563 1.5914381666445463
180 1.5958601094726068 1.601282803296475 1.1892176629887588 1.1874557500844962
181 2.4374763695109816 2.442546818847725 1.4639595259996414 1.4368174016957596
182 2.9637013815208033 2.9753759547169794 1.4614698762684089 1.4919932788717374
183 2.569767096957192 2.57550932955864 0.2408029098151484 0.24191535551195284
184 0.0 0.0 0.0006946279746773911 2.482534153247273e-16
185 1.602632511892248 1.5977440327982373 1.073421206951914 1.070482055029252
186 0.0075672413422000935 0.0 0.004102136596278901 3.7238012298709097e-16
187 2.4622627079461332 2.4648419856347066 0.7907934691911617 0.7911836113121301
188 1.2636189745924036 1.2995398727489182 1.7030166158682059 1.6918414184536774
189 3.0788134353748666 3.0775485672826965 0.32193888227818773 0.3155521496992813
190 2.4176149353953296 2.4176149353953296 2.2434426679500916 2.2434426679500916
191 0.75358226986705 0.7308603221979382 0.3567317503039342 0.3670495438808626
192 2.81601115123969 2.8507513661135473 0.7672040181294064 0.750312769381695
193 1.6727272540063052 1.684557260244231 0.8366623858356624 0.825624991034555
194 3.6500241499888574e-08 4.2146848510894035e-08 4.127283025443763e-15 5.661048867003676e-16
195 1.3707177545913827 1.3764982295099835 1.035117678008519 1.0431721304007695
196 2.656878437032052 2.6603421165722647 1.8468985619497382 1.8411330100157894
197 0.0 0.0 5.667848928154234e-16 2.2887833992611187e-16
198 3.1269119412660196 3.1238826722012054 0.9996365104556534 0.9797391176230759
199 0.09132467944829543 7.884953353001449e-08 0.12086580163831215 6.674335893081556e-16
200 2.9802322387695312e-08 2.9802322387695312e-08 2.391654643720554e-16 3.3335590258932494e-16
201 0.0 0.0 3.521787733787174e-15 1.3597399555105182e-16
202 2.9802322387695312e-08 2.9802322387695312e-08 0.004240127749340778 3.8459253727671276e-16
203 0.0 0.0 2.2301825219878386e-16 2.4999887191926267e-16
204 2.3960075626597863 2.4054369488327776 1.4071737340699055 1.4037395753828101
205 2.0186710338344853 2.0520027436157 0.17230657634475338 0.16958066465908678
206 1.0829932692998825 1.0707368031634805 0.3901076281279334 0.4051768705334869
207 2.4118230903914952 2.4197878680640548 0.9506931552837653 0.9585537234226464
208 2.1073424255447017e-08 2.1073424255447017e-08 4.600397697252103e-15 5.661048867003676e-16
209 0.0 0.0 3.030446228992703e-15 2.498001805406602e-16
210 0.11098789469935139 4.712160915387242e-08 0.050121124334896995 2.482534153247273e-16
211 2.2119118637432096 2.212303560769224 0.35461038119758165 0.3547890187775269
212 0.5057453395705621 0.5026256710241542 1.100913229106747 1.1026927849745016
213 0.0 0.0 4.611102534756203e-16 5.578801654593729e-16
214 3.027047501221935 3.033714549863862 0.4851538977577691 0.4636303323298957
215 2.4257757927735373 2.4490945156940516 1.7293141736815754 1.7289964982783472
216 1.6000015687707567 1.5841193225549728 0.4604538793294712 0.45729891365232067
217 0.0 0.0 2.482534153247273e-16 1.5700924586837752e-16
218 0.0 0.0 8.717902146582448e-15 3.3306690738754696e-16
219 2.581211171948809 2.5775074184977806 1.8734491704770917 1.8633976615000845
220 1.5673752406326371 1.5694984916528287 1.6467798358329881 1.643885684503369
221 0.4130633373886147 0.4497215374412643 0.2785169421812608 0.2874874723052188
222 0.0 0.0 1.7344458980126369e-15 2.0014830212433605e-16
223 1.6403191679866742 1.6409677520155077 0.36053742726332816 0.35584650422382835
224 1.6021847372911624 1.5536656424025377 1.702435066239042 1.6511695644387014
225 2.6635727677557557 2.6516599019091522 0.226406168192954 0.22679582704764595
226 2.2962188147303846 2.2915961694564313 1.3294201037823408 1.3148598860717464
227 2.8308834301865797 2.821137490441142 1.0088408685220995 1.0207103187767474
228 1.5141712719443334 1.545255774205552 0.2652117950218405 0.26755781171969056
229 2.9802322387695312e-08 2.9802322387695312e-08 1.4486177091987838e-15 2.7894008272968645e-16
230 0.0 0.0 1.6014908504273867e-15 1.1123893155135927e-16
231 0.010037513976268625 0.0 0.004875504939988955 2.220446049250313e-16
232 0.6846876458942416 0.6591042478654117 1.8225315985845814 1.8194803139649367
233 0.0006485118362205518 4.2195473732586354e-05 0.0005527438680106448 3.368111180051381e-05
234 1.7800967478471332 1.788359228057144 1.7220662650478644 1.727036850358918
235 0.003028364100005209 0.0 0.0014008855036152853 2.7194799110210365e-16
236 0.0 0.0 1.2412670766236366e-16 1.2412670766236366e-16
237 1.8902964152507555 1.896151650104924 1.47977446330279 1.4823742210849087
238 0.9363731660683586 0.9303410096218311 0.772669438145748 0.7508571114539432
239 1.5408082263012217 1.5259545246448294 0.2878246354943402 0.28677444552667486
240 0.0 0.0 3.109120064723846e-15 3.521787733787174e-16
241 1.5480645156033697 1.5569728724158933 1.5318843850461366 1.5487377202664974
242 4.2146848510894035e-08 6.322027276634106e-08 1.6409649707214522e-16 3.36701738363543e-16
243 0.0 0.0 0.001610232178420996 1.7772239894833365e-16
244 0.0 0.0 3.608224830031759e-16 2.220446049250313e-16
245 0.0010215146209706784 0.0 0.0028098361093290636 3.3306690738754696e-16
246 1.4364950963852052 1.4330702579964507 0.49369958463214286 0.47938356852857084
247 0.0016440389151027395 0.0 0.001903198474855119 3.8459253727671276e-16
248 0.0 0.0 7.158140888836537e-15 2.7194799110210365e-16
249 0.0 0.0 6.087272963323595e-16 2.9893669801409083e-16
250 0.3667564294396145 0.40716297030092763 0.6327866340174959 0.6461404384755898
251 3.6500241499888574e-08 4.2146848510894035e-08 3.7238012298709097e-16 2.7894008272968645e-16
252 2.074625008199716 2.080707446641792 1.7085663248738026 1.697931976150772
253 3.0576328836027344 3.1091436768033005 2.034062472949993 1.8783117724858414
254 0.009568731082806486 0.0 0.011148476647181688 1.5700924586837752e-16
255 2.337011770567101 2.357040862197545 1.1813577093267549 1.1700256742898438
256 1.063952605419584 1.057924122930088 1.6324219473872965 1.623639093689353
257 0.00843580562701092 0.0 0.009207221988714683 2.482534153247273e-16
258 0.0023867835030311414 0.0 0.0008054569684139192 1.9821445675202305e-16
259 0.0 0.0 0.0011111130582741602 6.170545761967547e-16
260 0.002174726326094118 0.0 0.004385245930617447 5.721958498152797e-16
261 0.020993108784647937 0.0 0.010958170472462234 4.742874840267547e-16
262 2.905776827888473 2.8784575774827124 1.784107235874908 1.753045872785743
263 0.0005550702761499409 0.0 0.0012062167828452701 7.796303550071736e-16
264 1.2502395156962172 1.230220286259793 0.26158196463345995 0.24179490455789376
265 2.029890443854306 2.0460390872887277 1.6285735930804779 1.6273069094530694
266 0.0015037698318572641 3.6500241499888574e-08 0.0022180811216344068 9.309503074677274e-17
267 4.2146848510894035e-08 2.9802322387695312e-08 1.7554167342883505e-15 4.710277376051325e-16
268 2.5784313518462914 2.576119676587488 0.4811874607009807 0.4750304423283378
269 2.3606118767335573 2.356195350373644 0.45057271960048334 0.4571194108239148
270 0.0 5.960464477539064e-08 0.0038831081870956963 8.215193246430039e-16
271 0.0022601044730950373 0.0 0.004227655564559967 2.7194799110210365e-16
272 0.012735198240541657 2.9802322387695312e-08 0.017079880925378457 1.2719202621569003e-16
273 3.1407600877359583 3.1412845002685468 1.0684095480846159 1.0527344805023826
274 1.6206067679753782 1.6130437786507872 0.2951555887112744 0.3103874138643371
275 0.005431046166460967 2.9802322387695312e-08 0.00711556871985166 5.635475559608569e-16
276 2.9480360242135357 2.94070433376554 0.5929095068255275 0.5785414096085634
277 3.0828460129599655 3.09236594830321 0.7645335255020979 0.7412023373129637
278 0.001532068291099752 0.0 0.0038841363909636406 3.510833468576701e-16
279 0.0 0.0 4.47545209131181e-16 2.2887833992611187e-16
280 0.7628900289105357 0.7768046649454973 0.3803236049804168 0.3853186068027927
281 1.3071116803414067 1.2892287266908797 0.9961673353650521 0.9876619763418718
282 0.0 0.0 4.0245584642661925e-15 4.996003610813204e-16
283 0.003161884725660293 0.0 0.0023128337724904803 2.9893669801409083e-16
284 0.0 0.0 3.0282846668030173e-15 3.6821932062951477e-16
285 0.009486669586474964 5.575503985246929e-08 0.0035133078721964984 1.2719202621569003e-16
286 0.06536807404953908 0.0 0.05080687528569938 8.741904837807691e-16
287 0.07956046761675939 0.0 0.09168598205431015 9.292938109463748e-16
288 0.004314443600217039 0.0 0.006243322419115318 4.710277376051325e-16
289 0.0 0.0 0.003747682026272401 1.2412670766236366e-16
290 6.860301712800495e-05 0.0 0.00010935709115724422 3.1401849173675503e-16
291 2.9802322387695312e-08 2.9802322387695312e-08 6.1261906304232146e-15 5.034405433428661e-16
292 1.689293094071346 1.705880670420336 1.349639878996495 1.3529684595947336
293 0.9467369065670458 0.9356650657918087 0.7044285449396258 0.7079399139346716
294 2.9802322387695312e-08 0.0 4.272916553455145e-16 2.0062885096040707e-16
295 2.7405274276652394 2.7423572566905094 2.0779119820900194 2.077268884128608
296 2.0536555940644363 2.0600216170017807 0.6272189014963515 0.6508789654025109
297 0.7726710422416277 0.7794446430521726 0.6285112011704982 0.6300734444351452
298 3.6500241499888574e-08 4.2146848510894035e-08 8.15843973306311e-16 1.9229626863835638e-16
299 1.962180393557476 1.9597556264579854 1.250940820691793 1.2347791535205894
300 0.004005554500204227 0.0 0.0053455499430223674 3.152427400121712e-16
301 0.0003565717515930953 4.2146848510894035e-08 0.00028117485050519744 3.9745993972772024e-16
302 2.748666303997879 2.820276643056573 0.015595795421657472 0.009355247238958503
303 0.006889077243314551 0.00015024173951290194 0.0023167049717912483 0.00010088013438884495
304 0.0006860414914521735 2.1073424255447017e-08 0.001188011170277947 9.61481343191782e-16
305 1.9691672688206316 2.0237515295613853 2.2039570583485086 2.203791048063416
306 0.00020304107496787755 9.005061566051576e-06 0.0004619574387901242 1.0280813331162319e-05
307 1.0129599559779017 1.0166897628003073 1.5054004800616378 1.510332556758413
308 0.39780469229183035 0.3966261862230125 0.03957428371275486 0.0011494300288224192
309 0.09572665683886196 0.003989440420892187 0.03809417590414582 0.0009702532223592384
310 1.7073150274753 1.72711589605446 0.24854186686161514 0.1613028385183786
311 0.002293122086818501 0.0 0.0020066699293978937 1.0309104187859809e-15
312 0.053631127721134146 0.0 0.028580081983848718 7.529898907871222e-16
313 2.7384228934471486 2.7342831137927255 0.564810383874949 0.5669405057737124
314 0.016580726346688477 0.0 0.013804107982902524 8.778180738338287e-16
315 0.00015994335873632622 8.225959806116625e-05 0.0036959907961812443 0.00017823595960680524
316 3.086707075763063 3.1391176073208795 0.5849621385034611 0.5595865540157279
317 0.00042925196519391076 5.575503985246929e-08 0.0012667101044103828 6.672892949406044e-16
318 2.9708370564924955 2.9904342769278793 1.381568936834287 1.3856529728270177
319 0.0029058932414941056 0.0007206872560037262 0.0028130855246472045 0.0002917923676224839
320 3.011654820959987 3.023654205546334 1.0209893230731275 1.0148659040255201
321 0.00019966462435667016 0.0 0.0002649656416728769 1.5469220910896388e-16
322 3.085211178415642 3.0577300207697573 2.6373968955325644 2.6372885260643044
323 1.003509674845584 0.9908081534940703 0.43273672109214584 0.4149063903229556
324 0.01124927682565487 0.0 0.00941950213639986 7.529898907871222e-16
325 3.125722106335191 3.1031525434342435 0.1593871613047215 0.17326226422837673
326 0.029781288887837837 3.6500241499888574e-08 0.05414241950883098 9.371360918460988e-16
327 2.063963654954198 2.070291095791066 1.000500192120127 1.0033658019778942
328 0.020433821583577722 0.00024180724205618854 0.006611027730041755 0.0010659681589671708
329 0.001545133868746799 0.00017319497818841273 0.0018483276433771602 0.00021466651264980297
330 0.0014214024721189858 0.0 0.0022637039208331148 7.850462293418876e-16
331 0.0014067921461001405 0.0 0.0026404897762881386 8.455206652451151e-16
332 0.004795752334838009 0.0003416275251998669 0.004597316308370157 0.0002859624484910274
333 0.0029113824059241603 0.00017896801820724252 0.0036099966245965887 0.000187207008184398
334 0.003020395734353512 0.0 0.005420190126880512 6.753223014464259e-16
335 3.1028637413679925 3.0866873719198753 0.5558609589832602 0.5621004697239268
336 0.0015896255784070476 0.0 0.003022636316996583 4.440892098500626e-16
337 0.0005921298567834869 2.026134948241059e-05 0.0002378772763501998 5.0081515469239427e-05
338 0.0005125568299296518 0.0 0.0008070978024389718 8.326672684688674e-16
339 0.009893169923664579 0.0006640996015537632 0.005023212609317222 0.0003492327815523305
340 0.001562717702265393 0.0 0.0009214413837149426 7.850462293418876e-17
341 0.0011152126044438652 9.028196825074232e-05 0.003436132976626521 0.00010718903550956588
342 0.00323552313190522 3.6500241499888574e-08 0.0022286980092038854 4.002966042486721e-16
343 0.002051277775588125 0.0 0.0013534782573982136 5.551115123125783e-17
344 1.9324167708897433 1.9205421069631357 3.096437861361278 3.0910342733667595
345 0.02059005149461353 0.0 0.030186373965065873 2.401464492525963e-16
346 0.004558975989394053 0.00024303246062188237 0.007545594574619688 0.0005210358199285994
347 0.0015209283078802328 0.0 0.0026633170719983106 3.365900013051177e-16
348 1.928959873877683 1.943413931684169 1.3097161213226078 1.3514077789353334
349 0.0031798499368067587 0.0 0.003951576659549387 9.226380847435024e-16
350 0.00033165390394358134 1.8444194803957872e-05 0.00019906175413059654 1.2849752806073767e-05
351 1.7824377299455887 1.791340524869582 1.289290991923994 1.2887732428401513
352 0.020251942984981165 0.0 0.013712075587817245 2.7755575615628914e-16
353 0.011507272475496272 0.0 0.004728871763918503 1.798766884999431e-16
354 0.0 0.0 0.004211695073109572 2.830524433501838e-16
355 0.004418502845266001 4.712160915387242e-08 0.0021164926157896747 3.554447978966673e-16
356 2.809142632231019 2.8208210747912816 2.3156171852614604 2.2924527171562237
357 0.0016820507832937062 1.8096158135448605e-05 0.0007950122732358664 1.547917658602678e-05
358 0.0013280004541240792 2.1073424255447017e-08 0.0013551420164431287 4.344434768182728e-16
359 0.027222586578838748 0.0 0.004296544468566585 1.5700924586837752e-16
360 0.0005279610765521895 2.1073424255447017e-08 0.0005122691690147026 1.615809017446043e-16
361 0.0006303379037663693 6.89762084569937e-05 0.00201847565748392 7.790863673213612e-05
362 0.0015046098863693038 0.0 0.002514168047718495 3.2957919968262575e-16
363 0.0005820197953755897 0.0 0.0001656020123266635 3.3103687685155823e-16
364 0.6352015059058015 0.6480032239861694 0.8230484793735269 0.8428403924993645
365 0.004725481691828613 2.4661435282023286e-05 0.005154677541698997 3.2540998641440975e-05
366 0.02962010767656242 0.028245712882602567 0.042775978011428205 0.027221512797963206
367 0.005734904486949406 0.00021467500640099632 0.00316557494677059 8.099548750662385e-05
368 2.9802322387695312e-08 2.9802322387695312e-08 9.449948130087665e-15 5.087681048627601e-16
369 0.000277753841087364 6.418788261942889e-05 0.0006495675227549671 0.0001360438525574849
370 0.0 0.0 0.0005975813850908681 6.10780345318845e-16
371 3.0960075300412693 3.0994345859004206 0.01388150509690551 0.0013500164705904003
372 0.0006139090436098311 0.0 0.0010224253633673325 7.130536482749599e-16
373 3.0826667259741196 3.0944209555449955 0.4322253200314133 0.4319007113449911
374 0.9354632561235608 0.9399517037597852 0.7495152406788523 0.7485987204156058
375 2.8827281355927967 2.8770010597716325 0.6238817619360996 0.6098483929142777
376 0.0 4.2146848510894035e-08 0.0035141196006888173 5.087681048627601e-16
377 1.1085050383342383 1.1030022966969613 1.112364825474885 1.1167606827424559
378 0.0 0.0 5.556750114355364e-15 4.704140204225353e-16
379 0.7352504849670465 0.7099508542964451 0.2976751574979452 0.2801227406400598
380 2.9802322387695312e-08 2.9802322387695312e-08 2.2315638142795905e-15 2.486410087150353e-16
381 1.1321725953705033 1.1337450000359945 1.1040367683200185 1.1016887289018724
382 2.220370352430478 2.2126323922949576 0.9985877329178197 1.0009205089429962
383 2.236451079607985 2.2308534209580375 0.8517031677924177 0.8408194756904671
384 2.9932604272187424 3.0166592624413244 0.7213464526313932 0.7090574463935718
385 0.264154119197856 0.26972105907315325 1.0348730643938555 1.0446076468510348
386 2.9802322387695312e-08 4.712160915387242e-08 1.6653345369377348e-16 5.551115123125783e-17
387 0.6851780008886657 0.7182524259971325 1.7408258620977872 1.7426972575847
388 1.1894444075028818 1.102539744256226 2.052827510926616 2.050308257917729
389 2.9802322387695312e-08 0.0 0.007241994291494513 1.2412670766236366e-16
390 1.892425217222764 1.894544333198597 1.4831937436920797 1.4849991643609683
391 1.4173648317483163 1.4412067429248436 1.3325840641644344 1.3446846703086506
392 2.8362346850429327 2.830848841749241 1.7600426476694082 1.7520963567782255
393 0.0 0.0 2.7194799110210365e-16 1.5700924586837752e-16
394 2.8222401500258263 2.7953507485702556 1.4765227969946702 1.481868606808373
395 2.8839755517706336 2.892346593645939 1.0798032556565513 1.0768030054203293
396 0.0 0.0 0.006073089820984339 3.554447978966673e-16
397 2.493918568382752 2.5094829278532758 0.9930310037816852 0.9935654042356693
398 3.005852130873542 2.9958048202101235 0.8049894524253013 0.7821599987313538
399 1.065158316470134 1.0600287992300117 0.32069279057943756 0.30926078483035946
400 0.6033905176342808 0.5805045736108007 1.0244108295236558 1.0186831783022376
401 3.0734668760741592 3.0714582534837964 0.1658149434907504 0.14901303739822375
402 2.7427932304712384 2.757739945258455 1.2499724765984106 1.243444979495376
403 0.0 2.9802322387695312e-08 1.309687503460227e-15 3.4021815010030383e-16
404 2.6500899408488845 2.633541297009096 1.0076339778978363 1.0047788994289384
405 1.533741121680824 1.5363100600394897 1.24198665470573 1.2485487529952468
406 0.0934709417478721 0.1069724590642239 0.12352967187569794 0.10409770229101774
407 2.698659025742134 2.682728248401277 0.8518986306213921 0.8505495745334638
408 0.0 0.0 0.0035440801448647363 4.041272810440265e-16
409 2.1073424255447017e-08 0.0 1.3847223016301615e-15 2.482534153247273e-16
410 1.8012961050306018 1.8311107238772062 1.558631173257854 1.5810227159971133
411 1.8440211762773167 1.8502959445184552 0.3779737537138236 0.3830095617419132
412 0.6939251903337537 0.6739926882047322 0.14259471775034907 0.13396934591346085
413 1.3143516651624156 1.300367897243358 0.3165094366335773 0.31530436058956557
414 0.17231825570967677 0.0 0.06881816331279801 2.7132406121510436e-15
415 2.938287684683434 2.943464788558068 0.4965525530227308 0.4876959935330348
416 2.4612703634625914 2.442711558714135 0.48558672452151314 0.4866165713797281
417 0.32669831231080304 0.33636594121974966 0.15211142867064506 0.13391125747494934
418 2.9802322387695312e-08 3.6500241499888574e-08 6.820420918444223e-15 4.839349969133127e-16
419 1.7424199476746667 1.7255438778602474 1.6939604906900643 1.7207835048980724
420 2.993812288864628 2.9914665729457726 0.38334327585893047 0.37661178324657496
421 1.5121226977386615 1.4420918334964594 2.0884344350654356 2.0911753390381214
422 0.0 0.0 1.6401643046719713e-15 4.282483846487626e-16
423 0.0 0.0 3.7238012298709097e-16 2.3551386880256624e-16
424 2.0477376746790035 2.0650524009444577 0.7894638201679667 0.7747581182790833
425 0.06561407173555653 4.2146848510894035e-08 0.035481842165134045 2.806823325177243e-16
426 0.0 0.0 0.008621235977246778 1.1102230246251565e-16
427 0.003598032299129927 7.87573947053281e-06 0.0035074257923800242 1.113054502171122e-05
428 3.1290697604835116 3.1088289370945232 1.0785960744465757 1.0945133489370311
429 3.1399037911089294 3.134276201507419 0.45926967649648925 0.4572952646981415
430 1.5027370272529723 1.5063986508142215 0.9416575969153587 0.9471083834260294
431 1.179321420737853 1.208515185933284 1.0127855761215574 1.0197602541093356
432 1.8371198008592273 1.862830513507305 1.0841986942663435 1.07578374565963
433 0.6166943012311876 0.6075568117940201 0.6970532641636001 0.706407663267952
434 0.0930886340314089 0.0 0.12405854249053735 1.1362849267314967e-15
435 0.7804860113102903 0.7610143833167635 0.4872939029123259 0.5099975213953434
436 2.705464990845286 2.702988126407734 1.5385828603986427 1.538527094350853
437 2.5244176000242367 2.5127386100122866 2.3654811689899984 2.3692643166011784
438 0.8500653294791822 0.8467015431599585 0.18279137207771953 0.18799374619516115
439 0.0 0.0 1.5204888375921863e-15 4.0125770192081414e-16
440 0.0 0.0 2.513289977897968e-14 5.126297777653475e-15
441 0.0 0.0 0.00020866718315085532 1.2412670766236366e-16
442 2.430650271090998 2.434082670968965 0.8128064942919639 0.8267196019863245
443 0.029322510158478296 0.0 0.027291755472906545 1.3879481770324008e-16
444 0.0 0.0 2.488633694034457e-14 7.447602459741819e-16
445 2.9583758386192063 2.952983666418339 1.1682332614403863 1.1620124904472382
446 2.4746722261504686 2.458681078300017 1.4675664750906632 1.499074189151288
447 2.7251833169857065 2.729836391612259 1.0274708410156728 1.0495555285259164
448 3.6500241499888574e-08 2.1073424255447017e-08 1.7721369911963456e-16 1.4359487270475865e-16
449 3.6500241499888574e-08 0.0 2.9893669801409083e-16 2.830524433501838e-16
450 0.0016764230656709362 3.6500241499888574e-08 0.0008328803547034193 3.8459253727671276e-16
451 0.29173367727063304 0.24697646303657972 0.5127592936901769 0.4697299823299608
452 0.6489912053492165 0.6562397888246378 0.2939398236057556 0.2824688092226151
453 0.07362698614686138 0.0 0.014596043839611727 6.228039399223342e-16
454 0.5050305256555881 0.4955892685966438 0.6384477971746126 0.6274484805699759
455 0.029812017637204476 4.2146848510894035e-08 0.03718279514161214 2.2887833992611187e-16
456 1.989113684507049 1.9883022826103731 0.8533813695703827 0.8589231065005968
457 1.1574868642638758 1.1303918515090066 0.4190168905240578 0.4189980820110896
458 1.4827935958171348 1.470496198322323 1.4527713330213463 1.4464736364092947
459 2.5243499455758807 2.5192048758337973 0.18683010937259478 0.16849310153456704
460 0.0 0.0 0.0006109494665721645 3.775166431889533e-16
461 0.019571615242947107 0.0 0.012500752668426419 3.990099683909797e-16
462 0.001277381326711981 4.2146848510894035e-08 0.002649342068174341 2.0014830212433605e-16
463 0.0 4.2146848510894035e-08 0.005426975945478894 4.1540741810552243e-16
464 3.0199102250171 3.0286501446503804 0.4281203883554095 0.4215085531295943
465 0.0 0.0 1.7590379348075722e-14 6.568167990716596e-16
466 0.0 0.0 3.604913992420251e-15 1.9229626863835638e-16
467 1.0181012886674186 1.0218621639982621 0.9865852401130889 0.9792180691172919
468 2.9723322766819926 2.9666080446346865 2.034030906792656 2.0320993005371997
469 1.0852039044149389 1.069794135556445 0.37968327587484596 0.36552019929886065
470 0.006743674022430281 2.1073424255447017e-08 0.008579950266792626 4.445768331151997e-16
471 1.7669167319583852 1.7746044722374639 0.7759058333484539 0.7707922777106718
472 0.9422589136419229 0.941150513317844 0.9730122211048738 0.9948971492263534
473 0.0 0.0 1.7798921572839764e-14 1.191874962812805e-15
474 0.0 0.0 1.2412670766236366e-15 5.768888059150692e-16
475 0.001983346461223371 2.1073424255447017e-08 0.0189061043800672 3.433175098891678e-16
476 0.007267769350885883 0.0 0.003464124041576255 1.6653345369377348e-16
477 2.742895723198543 2.7763760311682324 2.1471563494530366 2.1570910900413987
478 3.010957400455999 3.000590445031005 0.24239868865884656 0.23068892384466272
479 2.851461235391333 2.8433063774167335 1.8851191579497326 1.8906231364018073
480 2.921891477551559 2.9934725445405963 0.9903460036799704 1.0053513245640564
481 0.2530598916295768 0.28664550289129537 0.6357675109462426 0.6785007800953635
482 2.2698457284244893 2.2663485939387638 1.6606604283921051 1.6580156264390076
483 2.601388198963101 2.6159998210907767 0.7440671794451926 0.7426132919793185
484 0.00022246527643346542 2.9802322387695312e-08 0.00013615959662079428 7.417804156968781e-16
485 2.362785257851249 2.3791655306628363 0.5518185544252102 0.5360869763919336
486 2.835016472866058 2.8342127356878644 0.7976015973838326 0.8084277196491052
487 3.088561934555005 3.0876023169500044 1.747268377129195 1.7601236544783578
488 2.7463222610495754 2.713885456342443 0.8156085981575985 0.8041951231482098
489 0.0 2.1073424255447017e-08 0.003412819590616572 3.1401849173675503e-16
490 0.0631524829653464 0.05733668657885323 0.0862770905282358 0.09075703218899245
491 1.1556872466882508 1.1287060665499178 0.43665797915702625 0.4368934699632797
492 0.0011706826505433734 0.0 0.001381356282896708 5.768888059150692e-16
493 0.00809213032437185 0.0 0.008678898380498063 2.0014830212433605e-16
494 0.0005771563392639569 4.712160915387242e-08 0.001926710556736399 7.736788912175082e-16
495 0.0 0.0 0.0007629360589151919 1.457101633618084e-15
496 0.0002479463444303783 0.0 0.00048255687956089973 2.7194799110210365e-16
497 2.938438739903422 2.9182297840564995 0.710540253973392 0.6858191179409401
498 2.0804047540061497 2.08044324291854 1.06979935204809 1.069338253950126
499 0.0009055500963394183 0.0 0.0033544084635383025 1.6939998869943826e-16
500 0.0 0.0 5.095246377785861e-16 2.9893669801409083e-16
501 0.0017818272618545365 0.0 0.0016544125052201538 3.3306690738754696e-16
502 0.11035868376955552 0.0 0.09073217096980823 1.1157603309187458e-15
503 2.1932391416858854 2.1759143454836254 2.564616865744471 2.5536909224323243
504 1.8883063953327415 1.8839623205830045 0.4432990156319844 0.42498209127431225
505 2.8582342163292354 2.842434145393792 0.25431476873112563 0.25539448836220274
506 0.02677418220353176 0.0 0.01212974163007757 2.2887833992611187e-16
507 0.3619327967866726 0.3767239825774846 0.4940069623398159 0.482825352376666
508 2.633320012515376 2.6445066707928975 0.6302172429411618 0.6453875217656502
509 1.72687213959473 1.73800781865923 0.7011320156554582 0.689147208333675
510 0.00016705921178039414 1.8374986750473673e-05 0.00016424913852081894 1.4481829191864045e-05
511 0.01932621592541104 0.0 0.008236409357512504 9.614813431917819e-17
512 0.0 0.0 3.6821932062951477e-16 1.5700924586837752e-16
513 0.0018745818970657526 2.1073424255447017e-08 0.0011164611254666397 1.7772239894833365e-16
514 0.0 2.1073424255447017e-08 7.836318720598221e-15 6.080941944488118e-16
515 0.00027846064551719597 0.0 0.0007090107111660936 2.220446049250313e-16
516 2.528099690238403 2.52139753917825 1.9567464356869195 1.9468621548397882
517 0.002681919538258113 3.6500241499888574e-08 0.0016555657720647926 3.7553457920377367e-16
518 2.374432992734191 2.3849123859589576 1.2571774731269145 1.2149896142408558
519 0.0005974033467263165 1.8211901478324683e-05 0.000490559019799186 2.1741109169128182e-05
520 2.0771002774966285 2.0692225795119863 0.7541734547731521 0.7377229628252521
521 0.02460274632473655 3.6500241499888574e-08 0.013755590245507347 3.176060297016094e-16
522 0.0 0.0 1.2617160812606867e-14 3.885780586188048e-16
523 0.0005631834088380688 0.0 0.0016141333793209486 6.131407058289218e-16
524 2.1073424255447017e-08 2.9802322387695312e-08 0.0005319635128236307 7.957674067932935e-16
525 0.0 0.0 0.013043096078048311 4.871083751574258e-16
526 0.007453693814558946 0.0 0.00193097878879162 2.7755575615628914e-16
527 0.003799352811563725 0.0 0.0014258409851304475 3.6821932062951477e-16
528 0.005912618960742044 0.0 0.007562024439695023 3.6821932062951477e-16
529 0.0 0.0 6.701234657919881e-05 4.974877233821075e-16
530 0.0 0.0 9.489809492268385e-16 7.114312260401321e-16
531 3.0518074984998367 3.037629913431287 0.9734332338044663 0.9638036247719609
532 0.017047841911931608 0.0 0.006650301011728588 5.922145299493149e-16
533 0.0015056295109099809 3.167577517150088e-05 0.0012611846978277175 1.6384870617407632e-05
534 0.05744326291039454 0.0 0.06849815873435991 1.1102230246251565e-16
535 0.0026393486094627603 0.0 0.00428875471670624 3.152427400121712e-16
536 0.010170430146143158 0.0 0.005054614593972393 3.122502256758253e-16
537 0.0007573932064312756 0.0 0.0005746215406899499 2.2929868617541516e-16
538 3.062690341361766 3.062579374200412 0.6103963954899166 0.5907019326425923
539 0.001632907903385299 2.1073424255447017e-08 0.0019312186546593091 1.6653345369377348e-16
540 0.0017484326684191513 3.626419770812735e-05 0.001024664727616277 9.254477685123128e-06
541 0.0 0.0 4.38792388552365e-14 1.7554167342883505e-15
542 0.000639390427175702 0.0 0.0002678949018986194 6.866350197783356e-16
543 0.000995567058565934 0.00016632854363989545 0.0018073619468626726 6.007858510436479e-05
544 0.0020210959443155243 2.9802322387695312e-08 0.00210806739065349 1.415262216750919e-16
545 0.0 0.0 5.850833205921741e-15 8.671119018262734e-16
546 0.0034855423885286852 0.0 0.004210893009843102 6.206335383118183e-17
547 0.4596127037094411 0.483948326135338 0.17011237825947448 0.17038244512717848
548 0.0 0.0 0.00295821337953645 2.7194799110210365e-16
549 1.0949972713635634 1.0909685337452244 1.1751892605747578 1.1789947147971416
550 2.90008136839328 2.914576849108914 0.5223926044758185 0.5021560057332007
551 0.0 0.0 0.0010584863956443447 5.003707553108401e-17
552 1.0210956007166003 1.0318477793402254 0.7381377354477565 0.7357117728940499
553 4.269436228622525e-05 0.0 0.00014192832869170557 3.3306690738754696e-16
554 0.5682293302850199 0.603250387126073 0.3521636241422194 0.3514299930566874
555 0.0011263533625495577 0.0 0.0005306949656780265 4.1540741810552243e-16
556 0.838610453153362 0.8365912657113383 1.6635865483589956 1.652036392338451
557 2.9402434114545124 2.9566440595313894 0.537727457242888 0.5458992507210142
558 0.0292856776027056 0.0014702838437108375 0.015968964451748353 0.0002459947173454779
559 0.019313866262192277 0.0 0.008657185273110872 2.8441001681421824e-16
560 0.0004051281732590085 0.0 0.001011650403226467 3.1401849173675503e-16
561 0.00459571508216776 7.202223424438814e-05 0.003887703657431028 8.66882815637033e-05
562 2.0873546559607137 2.1042000602801894 1.1220253645598501 1.1486065450073606
563 0.02168143849834952 0.0 0.012747099821210951 2.0253964504621835e-16
564 0.11893801401764818 0.08219164883778644 0.12051090099540605 0.09615058404911576
565 0.001569517762861738 0.0 0.0006012830975400814 7.850462293418876e-17
566 0.10916601372549005 0.0 0.15930131521416982 1.331399985283916e-15
567 0.004209718221742359 0.0 0.01937485959785917 2.618455766672135e-16
568 0.49229334623241405 0.503581029607963 0.28080467880896287 0.268096895530493
569 3.1184579259435683 3.127185974957105 0.5691808207827243 0.5823700044232198
570 8.053540699074188e-05 0.0 4.5949296226228155e-05 1.0068810866857322e-15
571 0.0017956920099971116 0.0 0.001859979686398815 6.77599954797753e-16
572 0.060051518495154055 0.0 0.023661680849120296 3.6821932062951477e-16
573 0.01629476143421188 0.0 0.00996741283027553 1.3877787807814457e-16
574 0.0004164688392406318 0.0 0.000520484216526941 4.577566798522237e-16
575 0.7113925165729387 0.6862918530056152 0.7860086850029898 0.7729906046781352
576 2.1073424255447017e-08 3.6500241499888574e-08 2.8441001681421824e-16 2.7894008272968645e-16
577 0.00873452292341158 0.0 0.004938427373008075 2.9893669801409083e-16
578 0.0011761884142999792 2.1073424255447017e-08 0.0016890421918464632 6.758924343478424e-16
579 0.0022115582138357488 1.0913165286313653e-05 0.001429455413312162 1.0490951001689877e-05
580 2.1449458366165204 2.1990193636608195 2.6543100940027236 2.690771182805305
581 0.04135176076328078 0.0 0.019584682882308586 2.498001805406602e-16
582 3.0463391291790485 3.0578126904234226 0.7900107995782272 0.7886575375273973
583 0.0039049930300422923 0.0 0.0025407513195901277 6.77599954797753e-16
584 1.0486784650169076 1.020403862981207 0.05318813138675801 0.0569097706613304
585 2.7412078282251257e-05 4.58274207949925e-05 0.0001807115382429598 0.00011658377081535297
586 0.00018651641528827947 3.688578915303854e-05 0.00036079541243222993 1.7885407465439908e-05
587 0.3821760335272532 0.36062763311020063 0.5108650796828154 0.5190479476376486
588 0.002944481254968315 0.0 0.0013867949390550401 4.596460756922437e-16
589 0.0 0.0 0.005327799875777534 9.351816870246358e-16
590 2.1022560070989202 2.093371882892249 0.8015841652307734 0.7956152364339929
591 0.0 0.0 1.457167719820518e-15 1.7554167342883506e-16
592 6.425366193757976e-05 0.0 0.0003118651192035702 3.227937720230791e-16
593 6.574564565890136e-05 2.5388150476912646e-05 0.00011163528246491967 1.6448851766740885e-05
594 0.05298152827001833 0.0 0.02213877889538178 8.727542908419155e-16
595 0.0007686497804185273 2.1073424255447017e-08 0.0005989212682132143 1.5700924586837752e-16
596 1.1737582556787178 1.1507300490282968 0.7955836499173238 0.7862058097215037
597 2.3211207333151784 2.322272034935956 0.7437041748979051 0.7335564195580625
598 0.0012466753760404811 2.538837787173133e-05 0.00040317624263067086 1.6448867684982684e-05
599 0.0002070199113246719 0.0 0.00012025089365438892 1.6653345369377348e-16
600 3.0891485387732702 3.101704703146789 1.6057330651543826 1.5788683155917451
601 3.046522536351424 3.042499746992427 1.828121956280733 1.8340571499236114
602 0.2466513730857529 0.26059198066223677 0.2540639983406938 0.2359758483050221
603 3.0205685550834627 3.014637914185523 1.6569886649293475 1.6380208013885547
604 0.09932513493517718 0.09557447197353254 0.3209582316906505 0.29632737705180584
605 3.6500241499888574e-08 0.0 1.4416585367373365e-15 2.297444613877834e-16
606 0.8739193415589521 0.8787946669571105 0.5602091585577035 0.5597223372936653
607 2.311184806456948 2.3403828180666824 1.607143498744348 1.6440216258814937
608 2.885276255833921 2.884466794516682 1.186295847610047 1.144448699336056
609 0.0036439018751325885 0.0 0.0021581295400398774 7.773903470522051e-16
610 2.81129891339209 2.8058242951902974 0.7618123339387607 0.7699676569746999
611 2.2141975562190046 2.1981530383084347 1.0024500742949314 0.9952757501382375
612 0.005192855316748777 0.00040310127874066304 0.0019293069917964254 0.00013186928549523092
613 2.626959318595414 2.6171019952599237 1.359947340224941 1.352121921540792
614 2.3826556076332994 2.3618733258511715 1.6074162601886255 1.602170555401144
615 0.44414986773684445 0.44738553834773526 0.4008903212607102 0.3736588068580289
616 0.002800391448153877 0.0 0.002927671437932102 5.20740757162067e-16
617 0.5527241248706416 0.53701547313233 0.6795395348788622 0.6762585502658928
618 0.283512350141263 0.26676010776078646 0.19723758756756316 0.20663849331451967
619 3.111420628627668 3.0991712437614867 0.3650085786626374 0.354256942425084
620 1.3527605479130003 1.3570349737926188 0.16004834220213596 0.15566807176954411
621 2.316250710609723 2.3153137208090198 0.23225527720785602 0.2627254910477986
622 2.871094037207315 2.8723987071328243 1.938072055227002 1.9308406391643083
623 2.537944371915529 2.552974010274233 0.5673312617705211 0.5667793466161615
624 1.4506266083795125 1.4560899734089994 0.5672883355596694 0.5746138522153209
625 2.1073424255447017e-08 3.6500241499888574e-08 3.724732063838672e-15 4.965068306494546e-16
626 1.019233852189652 1.023068609179549 1.1232899884895957 1.12767745862071
627 1.8072200247190993 1.774312225964522 0.7499767001705766 0.7286696150554032
628 1.5641171189497571 1.5730909230312111 0.6568980081738361 0.6390232174212677
629 2.7163356885732344 2.7643806479532604 0.483210573415634 0.4837748380423338
630 0.0 0.0 3.9063446001817286e-15 6.473657049138938e-16
631 0.5552314496170841 0.5399749874818895 0.614653797471086 0.5778711679252247
632 2.781599875625386 2.7722894347937626 1.0199371918035967 1.0178750349948908
633 0.004358329638455868 5.16191365590357e-08 0.009324786318274596 2.220446049250313e-16
634 1.7280970709476369 1.7299331001338256 0.480216327512967 0.4735185324211169
635 1.393835783771676 1.3894260855137868 0.651874478291631 0.6546491261758789
636 0.06441197831137774 0.0 0.0325083716713766 3.5437645158249467e-16
637 0.0 0.0 6.304854800243424e-16 1.2412670766236366e-16
638 0.0 0.0 2.671240919341271e-14 1.8762809263729683e-14
639 0.5056515141979042 0.49124951537031136 1.8286034697291371 1.8269457969598737
640 0.0010048055174924693 2.518331510600408e-05 0.0011181485142893151 2.5930409931587743e-05
641 2.459369398588097 2.470069777847445 1.6986601895886653 1.7026866345514522
642 0.0024710558459030856 0.0 0.0035094176946334245 1.576213700060856e-16
643 2.259144938341504 2.2538833655373582 0.3027393726271502 0.3009233552131397
644 0.0 0.0 2.1988302645701685e-15 4.742874840267547e-16
645 2.2225659670312345 2.1986900078864378 0.13942293722899413 0.13213798339845761
646 2.7515748204835986 2.7348906456162068 2.0024298590976373 2.011204402611606
647 3.061561783916942 3.063943264796829 0.15014823453180695 0.14371204779293947
648 1.3442695541482352 1.3545358646456702 0.7531756445593928 0.7524635415205726
649 0.0 0.0 3.8511338759664453e-14 1.5624688148904796e-15
650 4.712160915387242e-08 4.2146848510894035e-08 7.221785298249066e-16 1.4946834900704541e-16
651 2.445899770122547 2.44688656883864 0.9361272419687034 0.9579784594565948
652 0.0 0.0 2.111402685818382e-14 4.679511028695506e-16
653 0.0 0.0 2.9226502509445547e-15 1.1102230246251565e-16
654 0.0025078678085748702 3.6500241499888574e-08 0.00242087649340628 1.5700924586837752e-16
655 0.0 0.0 1.8385843027689748e-15 4.335559509131367e-16
656 0.28265426476349303 0.2662327073935563 0.2158180767397058 0.19809212062501994
657 2.913530396125313 2.9058426492760017 1.9188699506962084 1.876599593988674
658 0.06418602898615156 0.0 0.009800292739527075 2.9010883917888854e-16
659 3.1342040089956633 3.1115684598718127 0.41424069932926033 0.4083999110520697
660 0.00026319128188432585 3.6340373174127377e-05 0.00024565204809961697 3.768010738097946e-05
661 0.07690672041505293 2.9802322387695312e-08 0.045291305551472975 8.101585801848734e-16
662 3.0259029782256475 3.018632503965881 1.0589957498684508 1.0358819779264685
663 0.0 0.0 1.254367785876896e-14 1.5908085827417539e-15
664 1.9737577603914318 1.972674419036879 1.799858161007676 1.8227896162665607
665 0.0007569006911954132 0.0 0.001657405087998491 1.5700924586837752e-16
666 2.9129396129779352 2.9095963085510985 0.7571910638877507 0.7749398509294482
667 1.7896029240758466 1.7931675077027063 1.7048242510356215 1.703783610827308
668 0.9348572206605602 0.9330274579919108 0.5298772194506691 0.5214013508693792
669 0.814881509359602 0.8203516358288688 0.6907849331585778 0.6909883490864771
670 0.7492422866427196 0.741473029642161 1.1936962269039162 1.1923036799900835
671 0.0 0.0 5.551115123125783e-17 2.482534153247273e-16
672 0.0 0.0 0.002644290435488361 1.594436429147036e-16
673 1.1226448331744776 1.112793513212814 0.3610756465441877 0.350456451011813
674 2.827788417824048 2.8191975739421125 1.2726194189963156 1.2697904121621355
675 0.002159362966094617 0.0 0.002305299679437063 9.474576228406686e-16
676 0.004880004635015705 0.0 0.007337428968209008 8.088500492108188e-16
677 0.0030784128387289582 0.0 0.0027888720367490816 7.315865914645723e-16
678 0.003168699322287235 0.0 0.0021585790469921358 2.8441001681421824e-16
679 0.0006701279048643064 5.16191365590357e-08 0.0009741509787783529 5.661048867003676e-16
680 0.0076434485584466584 0.0 0.005497434617834192 1.5700924586837752e-16
681 0.002417803477093453 4.2146848510894035e-08 0.00320078991828921 2.0770370905276122e-16
682 0.00427826143660192 0.0 0.001627999064992376 2.0206364052201326e-16
683 0.0 0.0 2.891945847262976e-15 2.9504581591051765e-16
684 0.008077068493636165 0.0 0.004307835623624472 2.5438405243138006e-16
685 0.0 2.9802322387695312e-08 2.5438405243138006e-16 5.551115123125783e-17
686 0.0026578286624210604 2.1073424255447017e-08 0.0016217874931155204 7.850462293418876e-17
687 0.0053600997915728265 0.0 0.006022967847675377 2.482534153247273e-16
688 0.0005222511569003491 1.6578156280571196e-05 0.0004499438068257 1.270229155909425e-05
689 0.019471190976859034 0.0 0.01092668613841185 1.1102230246251565e-16
690 0.0005584776546777252 0.0 0.0008754562166274476 2.7755575615628914e-16
691 0.00020330137608113772 1.9694352385472594e-06 0.00028547364112635134 1.286956886251878e-05
692 0.08678882937008249 0.0 0.050878789801220195 2.9893669801409083e-16
693 0.004252480702940105 7.86307040236088e-06 0.0038762750698607394 1.3219374800244063e-05
694 0.0003987970990368629 0.0 0.0002978855470718934 5.688200336284365e-16
695 0.0009120599592307452 1.9694352385472594e-06 0.00024852982421252987 1.2869568862163938e-05
696 0.0020427852958359726 2.1073424255447017e-08 0.0016362630329785888 2.763605604226231e-16
697 0.1376285845166525 0.0 0.08190723851660951 9.209666375651935e-16
698 0.0007960273915196938 2.9802322387695312e-08 0.001896034660575374 4.002966042486721e-16
699 0.03250461722087666 0.0 0.014526066970423593 3.692639165456277e-16
700 0.5029338181286641 0.5076194612808446 0.4263902549111249 0.3877569980088268
701 0.0007407608984946187 8.338428313109467e-05 0.0005734896872217302 3.157002703266785e-05
702 7.509509043266986e-05 0.0 0.0002606820589681864 5.661048867003676e-16
703 0.0010557617569241034 1.0731050309251898e-05 0.000732132115935805 1.2261183212996874e-05
704 0.007172335132444083 0.0 0.0025256855401232046 5.768888059150692e-16
705 0.009836614519533472 0.0 0.008967883831434454 3.554447978966673e-16
706 0.0004442284922368373 0.0 0.0008833939396513497 3.815760786470701e-16
707 0.0013005948487877239 8.338470386936561e-05 0.0010456292276341229 3.157013231650883e-05
708 0.0003901752993704281 0.0 0.00014054981973595087 2.9893669801409083e-16
709 0.009697683485801072 0.0 0.006577023634616958 5.606351459942525e-16
710 0.02307155326726755 0.0 0.004910278582051993 5.661288070182253e-16
711 0.0029474194380753813 4.712160915387242e-08 0.0012870442718003715 4.5822975916762365e-16
712 0.06037003029129917 0.0 0.031514895042296126 1.389512421408389e-16
713 0.0 2.1073424255447017e-08 0.0036237134281078536 1.2412670766236366e-16
714 0.0006301799839280304 2.9802322387695312e-08 0.01591744876299772 2.2215299868541707e-17
715 3.1402478416986157 3.1169473409893613 0.30677620655553767 0.3138422437214449
716 0.0009813661037354853 0.0 0.002423270053509675 2.9893669801409083e-16
717 0.0004507208073745301 0.0 0.0003054291563800513 4.558726555317122e-16
718 0.3742349192516599 0.0 0.19924481733397056 1.7519023829470347e-15
719 2.7811842239946207 2.7964078573666176 0.838963064077371 0.8398384736347848
720 0.009914476574084908 2.9802322387695312e-08 0.005264987367508315 1.6653345369377348e-16
721 0.0034307155784082622 0.0 0.004678044493830078 1.2118257228641695e-16
722 2.2619493663177206 2.2481932320675777 0.4624135605105845 0.45211189730575463
723 2.3906731589127403 2.3940341809252 0.714249419618547 0.7376185607729474
724 0.0 0.0 5.667577082357864e-15 1.1157603309187458e-15
725 0.0024017501639673365 0.0 0.0011907199029785832 6.280369834735101e-16
726 0.0029888710316543173 0.0 0.004390554325935139 1.6653345369377348e-16
727 0.0 0.0 2.9732686716017633e-14 7.271113263411792e-15
728 0.0 8.337727140171756e-05 8.969002859244935e-15 3.156766453022813e-05
729 0.0008197966160477096 0.0 0.0018074642490724597 4.965068306494546e-16
730 0.0031744035524237805 2.9802322387695312e-08 0.0035641675219223092 1.1123893155135927e-16
731 0.0013081192225072153 0.0 0.0005023510739717668 2.5172027167143304e-16
732 0.000784929007868977 5.575503985246929e-08 0.0014301743910386958 6.758924343478424e-16
733 0.0008677042160041687 0.0 0.0005353815301766396 2.7194799110210365e-16
734 0.02804591969086634 0.0 0.012182628506315256 4.1540741810552243e-16
735 2.720392868890227 2.7276017938662998 0.7703901884729337 0.7693395293605944
736 2.955629601225991 2.961219406822434 0.5915545547778039 0.5935832124596823
737 0.0013838506504621215 0.0 0.00031030568729435725 3.8459253727671276e-16
738 0.008920692347586872 0.0 0.005430914797527648 4.041272810440265e-16
739 0.00852052071839097 2.9802322387695312e-08 0.00036625796650009484 5.613217783960923e-16
740 0.005658914331852761 0.0 0.010293230768146996 2.435541875787129e-16
741 2.4767719298833537 2.4897612147614256 0.7803998731993279 0.7900854620647233
742 0.0008960425120436747 0.0 0.0004827266645930256 3.554447978966673e-16
743 2.213606027819185 2.2197179773697706 0.8545095108893037 0.8465890159487458
744 0.004490195322004099 9.31063854524478e-06 0.002044337762329713 1.0555096484394831e-05
745 0.0 2.9802322387695312e-08 3.196594111384947e-15 3.7238012298709097e-16
746 0.005170657293594148 0.0 0.002682508162046537 3.3306690738754696e-16
747 0.0004915643708368454 5.313224199722885e-05 0.0004704307794356021 2.5591763652157317e-05
748 0.005242683625823067 0.0 0.0012221190481065466 4.3364270339837017e-16
749 0.004493794882857645 0.0 0.0020501630488920755 3.608224830031759e-16
750 0.05831568859226921 0.0 0.013724616997546813 0.0
751 1.6319007109841708 1.6311764963612256 1.3378562272142125 1.3301923408946335
752 0.9258997789658856 0.9108551887285525 0.6735961176029569 0.6705790277790097
753 2.780012437520966 2.7760942485034104 0.5328199506984336 0.523516792863272
754 3.068276569965828 3.0530322707111575 1.3353081476086464 1.3395856769155898
755 3.046366508639016 3.0467478571137288 0.6967966110712386 0.6928500587140785
756 3.0293413068056 3.0392498828986225 1.1669296326065655 1.1608553456470299
757 3.043070340488689 3.0307545763435595 0.251583291202474 0.27317693395268333
758 3.0188496307121278 3.022694928212302 1.182552591263977 1.1931109767463677
759 3.0021784250753076 3.006644604651466 0.2755619640740322 0.27681291603719044
760 0.0003374831162313555 0.0 0.000664141259945255 3.1401849173675503e-16
761 0.0018441581128389325 0.0 0.0027923213455498244 1.5700924586837752e-16
762 0.2117490333698076 0.0 0.1500945236789209 4.710277376051325e-16
763 0.0 0.0 4.4785494094434676e-15 5.23691153334427e-16
764 3.0706417766409753 3.0809630602312077 1.23257532680802 1.2411927652405221
765 2.4363727344078296 2.402787196633193 1.0604640995057886 1.0581760179182953
766 1.8163978112135521 1.7856907499709664 0.8467952417022607 0.8524709699990315
767 0.46178839540917693 0.4592808537889746 0.9587861322961589 0.9464514215611247
768 0.0005806250254423034 0.0 0.000358345395911402 1.7772239894833365e-16
769 0.0 0.0 7.083927627450313e-15 4.710277376051325e-16
770 1.2976305154586978 1.3073271608206893 0.8977519753048666 0.8883321980953789
771 2.1664577998686565 2.1699078099451756 0.6109042764079838 0.6522266242892528
772 0.23853696521981985 0.257467156047116 0.778823700993766 0.7801298638263342
773 3.1265203869108915 3.133050262403804 0.5164185267611742 0.5205644976887631
774 0.005543637311024776 0.0 0.0017699664355871477 5.661048867003676e-16
775 0.0 0.0 2.3993727909106426e-15 2.3055512673781017e-16
776 0.06115624323018098 4.2146848510894035e-08 0.0316503228053381 1.9675159943996247e-16
777 2.0439513905052493 2.062531468598365 0.6983655422753433 0.7046094495691454
778 0.16961767719500392 0.15608781763729782 0.2517707752740489 0.24571480524499528
779 3.028581623071148 3.040716343607931 0.4596197560653827 0.4730459948001413
780 1.2868399515820754 1.2985294208831526 0.5894682258038296 0.6116462659914745
781 0.018386797113519836 0.0 0.009401513616632584 4.440892098500626e-16
782 1.621375183501914 1.6355185396782785 1.451554204348996 1.4296343277017263
783 0.006552647660055074 0.0 0.0017842971220691215 3.3306690738754696e-16
784 2.5952093500885502 2.602409094374051 1.5707156954899368 1.5705907649097466
785 2.6766492806480358 2.6580664757695556 1.8394825445383207 1.8439670302578972
786 1.2521911247275284 1.2222121389728755 0.9255995462794 0.9159995117936589
787 2.1073424255447017e-08 0.0 0.009019036780205983 3.188872858294072e-16
788 3.1071314837363007 3.113222071197538 0.5902778811635824 0.5795472276016216
789 1.0627100078386729 1.0543967020190133 0.21070176259346796 0.2020362206573506
790 0.008385304795269463 0.0 0.011937567209693349 5.578801654593729e-16
791 0.8464737386041202 0.8078348314208573 1.558481451417939 1.5631954845225042
792 2.9118401240050655 2.9535155241438242 0.30196341984164937 0.29042056691142953
793 0.0 0.0 2.288729544900489e-14 0.0
794 0.6821528959065373 0.6689299370700698 0.659214830423976 0.6422141123996259
795 0.0 0.0 0.010323737624348907 2.2887833992611187e-16
796 0.0 0.0 6.473657049138938e-16 2.7194799110210365e-16
797 1.697704785564892 1.673651810461831 0.5594822162456413 0.5790457856310613
798 0.011423971172602222 0.0 0.0069630162949689675 2.237726045655905e-16
799 2.1073424255447017e-08 4.712160915387242e-08 0.0005878479798938077 2.5438405243138006e-16
800 0.0 0.0 5.410882550641299e-15 9.157499910099985e-16
801 1.3705375667686241 1.4305009905227688 1.0551248553679893 1.0604171057069254
802 0.0 0.0 0.012700033894785369 1.2412670766236366e-16
803 0.0 0.0 2.0196110533443223e-14 2.445051970893956e-15
804 2.1073424255447017e-08 0.0 2.0014830212433605e-16 1.2412670766236366e-16
805 3.121289222006698 3.1275347294494664 1.085271516961356 1.0818080501104563
806 0.0 0.0 5.997324175780251e-15 3.521787733787174e-16
807 4.2146848510894035e-08 0.0 1.3092278833360675e-16 5.721958498152797e-17
808 3.1376108980461033 3.138920333220257 0.5642374899192915 0.5584856437079031
809 0.09742029519107817 0.0 0.025532046707500262 2.482534153247273e-16
810 1.359769766769676 1.3624264464077862 1.342309288553977 1.3344776774220761
811 0.006521662925477688 0.0 0.0073220968483138455 1.9229626863835638e-16
812 1.5595567058199054 1.5341039932727896 0.6245735816117609 0.6252544097291239
813 0.0 0.0 3.866826259156819e-15 5.85874444175896e-16
814 2.9802322387695312e-08 0.0 3.685957161943871e-15 2.5438405243138006e-16
815 0.08605536159528376 0.0 0.13089350523218896 6.286500016609089e-16
816 0.0 0.0 7.28529668437746e-15 5.20740757162067e-16
817 0.0 0.0 6.610315344235505e-15 1.3486468179176138e-15
818 2.1073424255447017e-08 2.1073424255447017e-08 9.927692567662836e-15 4.443059973708341e-16
819 2.8573573481961754 2.9166020144524385 0.5581928466163744 0.5522054950294641
820 2.4643725955699454 2.477969367097719 0.2382416814408651 0.23977126158657994
821 1.5044362688520123 1.4773128844787682 0.8000842018744353 0.7904002670045125
822 1.4552096856895145 1.444974501195951 0.3172719952698818 0.31185171327143063
823 0.0 0.0 3.570743746009714e-14 1.0295784775289034e-15
824 1.0679161501673013 1.0561961633353945 1.763553681198705 1.753971447885883
825 0.0010253755392983736 3.6500241499888574e-08 0.0016680017135269874 2.2887833992611187e-16
826 1.0609892984534357 1.0817278751406278 0.5060940139017831 0.496241875326532
827 1.316354349945353 1.326584556503496 0.4731367584371404 0.4743610362975288
828 2.9939875766414157 2.9824437603858693 0.2797994130471465 0.2734032492876909
829 0.19223609516010134 0.15809071257919124 0.192495430438398 0.17526155407427055
830 0.4246448635150717 0.39450369258948137 0.4927601525639668 0.46892742562746675
831 3.092569616382674 3.088611701142756 0.2908730435309781 0.3037807309189173
832 0.0 0.0 0.0009343210260595781 1.6653345369377348e-16
833 3.106060398624953 3.0969299320033863 0.6303535331459797 0.6371150586145548
834 3.0848638450769057 3.0781408951122957 0.16006877559062777 0.13578976125853073
835 1.830167871448289 1.8085394028262982 0.743025327087761 0.7453248577381177
836 2.867841688820486 2.917165113022811 0.9719688976144089 0.9159662631502704
837 0.1314231439866731 0.0 0.09090952441727534 2.482534153247273e-16
838 1.9835440102228217 1.9884517292268733 0.14181293328913538 0.1410400442775125
839 0.9646021264869635 0.9255323944326702 0.36122735916766596 0.3625032571176734
840 1.7220156253917975 1.731435926918381 0.16784251479832393 0.16168954176137898
841 0.0014468244303531056 0.0 0.002021406026051184 2.9893669801409083e-16
842 0.13904922509979026 0.0 0.05341911253948029 1.9229626863835638e-16
843 1.6722245435190646 1.6801416400576636 1.250236582475584 1.2511091777012147
844 2.9802322387695312e-08 3.6500241499888574e-08 6.944442800358888e-16 1.0007415106216802e-16
845 0.05258570751617373 0.0 0.03280467670847457 4.1540741810552243e-16
846 0.0088835474591051 0.0 0.002245292268586886 1.5704757352569647e-16
847 3.1223703011567765 3.140031205986628 0.4331088259856648 0.42680362898806984
848 0.0 0.0 0.013354968988541494 1.4304896245381993e-16
849 0.9294943046663123 0.9511816154785794 0.1120427025479828 0.12932840519146593
850 0.012592888349118892 4.2146848510894035e-08 0.007370688474383569 4.335559509131367e-16
851 0.0022597932616291658 2.1073424255447017e-08 0.0032729448648479422 1.3092278833360675e-16
852 0.0 0.0 6.938893903907228e-17 8.326672684688674e-17
853 1.4507418300006882 1.4713273847640393 0.13115061902852476 0.11296933411139115
854 0.06674612616698523 2.9802322387695312e-08 0.01728276652852151 3.3306690738754696e-16
855 0.0 0.0 0.0023496987749517424 4.163336342344337e-17
856 2.930460785852955 2.906978285852629 0.2640216251068112 0.26164081480388784
857 0.16769055277036235 0.19174613361138093 0.24438303474792705 0.23980787525999428
858 0.0005414113283424938 0.0 0.0013071135683612994 2.486410087150353e-16
859 0.004162636213193224 0.0 0.0056377523672725294 2.5438405243138006e-16
860 0.0 3.6500241499888574e-08 6.524862985430919e-15 8.759511914735174e-16
861 3.093378619940953 3.087744800633105 0.5792845432775229 0.5688761611260916
862 3.0810462873851816 3.080903780489945 0.17209776715154831 0.14953419146758756
863 2.436319960391998 2.4679312528871495 0.6017591020862214 0.6024235453832005
864 3.093477007611717 3.094536409948864 0.8834935252398816 0.8806896576348914
865 0.531457542389476 0.5457208657105521 0.1741813446194981 0.17581874400742065
866 0.0 0.0 3.1616999831336794e-15 6.843874359417885e-16
867 0.006127631187628237 0.0 0.0031898231637316255 2.5438405243138006e-16
868 0.0021753443073139877 0.0 0.00201753277858712 4.577566798522237e-16
869 0.16103053448060062 0.09337041173308382 0.1860485770991308 0.16390033312518829
870 0.0 0.0 1.3698213144995048e-14 5.20740757162067e-16
871 1.4855382261544365 1.5248209460793054 0.2703597003693487 0.25869554397627764
872 0.010646698936968138 0.0 0.00705560042894686 2.7194799110210365e-16
873 0.0168078153333671 0.0 0.012732048407793422 2.0770370905276122e-16
874 0.0 0.0 1.2959208739370123e-15 3.6821932062951477e-16
875 1.5255963732242386 1.5282966503543112 0.16789502245917876 0.17720970297833835
876 2.7744686029965315 2.7776359975285225 0.83281039121599 0.8288507505710124
877 2.5122395399499746 2.524053806200883 1.0089520001530214 1.018685436731046
878 1.6064371418180137 1.6340725585478821 0.09122115316377896 0.09565809123322769
879 0.0 0.0 0.008969451650858233 1.8041124150158794e-16
880 0.1296326426545233 0.0 0.03724439792836144 5.087681048627601e-16
881 0.0 0.0 0.004531795103558682 6.639709341020816e-17
882 0.0005858434403997832 0.0 0.00028305632161263356 1.2412670766236366e-16
883 0.018844158481724042 2.9802322387695312e-08 0.030341145243399165 2.482534153247273e-16
884 2.6017022573774056 2.612213706657899 0.564270122869391 0.5602550980609476
885 1.2880684904395825 1.3082010676282665 1.2584474771342946 1.2464231107645207
886 0.034466611319403144 0.0 0.02604905094744155 2.618455766672135e-16
887 1.8760201771035936 1.8836398856547305 1.9477329856714551 1.9435940810733996
888 0.24586639031324314 0.2234141515882972 0.08946353278742297 0.06422718476664191
889 1.540996213564418 1.5641614555606977 0.7290243605407651 0.6857888171854364
890 0.0009037296953519284 2.9802322387695312e-08 0.0008555075436248458 1.6653345369377348e-16
891 0.038690743080653685 0.0 0.00723968968106718 1.0053497077208614e-15
892 1.6477400137386857 1.6504442726863244 0.46619778646962534 0.45883965757278955
893 0.00425518349709464 0.0 0.004793277758397154 2.486410087150353e-16
894 0.001515949345510924 0.0 0.0020778073288087893 1.1443916996305594e-16
895 0.030227880129640183 2.9802322387695312e-08 0.012232806781422655 3.7238012298709097e-16
896 4.2146848510894035e-08 4.2146848510894035e-08 2.7493435299596564e-15 6.955527313080394e-16
897 0.0 0.0 0.005812912597756048 1.3597399555105182e-16
898 0.002954822642387975 0.0 0.004990529174050752 4.002966042486721e-16
899 0.007537505722770694 0.0 0.006340061280495534 4.47545209131181e-16
900 0.0018947181401593525 4.065628844434234e-05 0.0012472374483340023 4.346861908962961e-05
901 0.004053752067913278 0.0 0.0013451730950045989 3.554447978966673e-16
902 0.0063487652085023214 2.9802322387695312e-08 0.004972278885921905 5.662749647834299e-16
903 0.0013734514952357907 0.0 0.0016261595744039427 8.671119018262734e-16
904 0.0006385256264588472 0.0 0.0015742548277483134 1.3877787807814457e-17
905 0.009003742275282337 7.590479215508138e-05 0.004708759280044207 4.961482701248174e-05
906 0.0019922469208383652 7.09856724365449e-05 0.0037775534508181848 3.676685476191811e-05
907 0.0025906097493639925 0.0 0.0019258866700760805 6.71891344611886e-16
908 0.005302774740211153 0.00011802031802421242 0.004222826907676444 7.513333728909062e-05
909 0.006468486727625872 8.197793896225614e-05 0.013079455003708109 0.0002950337511088932
910 0.024247611047953845 2.3866646144796917e-05 0.010285933314778476 4.468038609068796e-05
911 0.0023618232238113894 4.1894094626467404e-05 0.0029595118904784897 4.364984949587879e-05
912 0.04534668794637108 1.007552126876441e-05 0.00572735204987707 4.433824148322468e-05
913 0.008347085119336012 2.0172694285747403e-05 0.005250708695797977 1.841374709885337e-05
914 0.01101059855544489 3.077111073950442e-05 0.009556755317908457 2.7920980074118318e-05
915 0.0012346007345253292 4.671895460332156e-05 0.0031787460802867834 1.9129228516456218e-05
916 0.010225237618007536 9.555769730986877e-06 0.006209785782367277 3.665516975140774e-05
917 0.006305701949294723 0.00016253221896365733 0.0028351541691126734 0.0001447998554909384
918 0.002443795423568003 0.00022113024930251287 0.002134063390059476 0.00011357725076455784
919 0.006005992259489682 0.0 0.0030155766545397695 9.28879225241625e-16
920 0.007852290281212662 0.0003124985975519995 0.016072768573456783 0.0004990755491871752
921 0.011365301892815332 0.00012835925650379472 0.0018260538712070577 0.000264887550928999
922 0.001550546506313067 0.0 0.0017608989273002972 1.137640067256873e-15
923 0.008273081427326757 0.00012786305689349697 0.004301152822039853 0.00011947753578240603
924 0.010705433607168326 0.00010692896771506737 0.008208712845958815 0.00022362263856644257
925 0.0003545391556254358 4.408509987616025e-05 0.000267670311793328 1.0969113378856943e-05
926 0.0005597977842865047 5.190397655903128e-06 0.0019100424910174297 1.4974817964487292e-05
927 0.010996994993869932 0.00016271665486968816 0.010399808087095045 0.00023085900155610185
928 0.0005198706147751446 2.1073424255447017e-08 0.0002657654955061373 7.771561172376096e-16
929 0.0016705223702408272 3.4748389661732446e-05 0.0025964442496338915 4.669710630606097e-05
930 0.006320877568675592 0.0001371252299955881 0.004057869434593734 0.00018378015523969667
931 0.0008006642011793961 0.0 0.0012548327926242284 5.688200336284365e-16
932 0.0012491295092380578 7.01469690221954e-06 0.0019856723186362376 2.2114398398319175e-05
933 0.0008584670308989591 4.4649140789448194e-05 0.0008006290200519684 4.0224686059139376e-05
934 0.0028290227659586503 0.0001847151177846255 0.005445185921698978 0.00021502687518617776
935 0.002777066656268038 3.3152334363314505e-05 0.0025608348461386267 2.1387335110660165e-05
936 0.0006700069504412357 0.0 0.0007697042139077725 5.855045090355223e-16
937 0.0007559027564043513 0.0 0.002661714479102545 5.703416235967739e-16
938 0.016151434214496885 0.00012679298861135966 0.004528151862509468 6.837580709815215e-05
939 0.005865788260635555 0.000644772525259776 0.008470958802629675 0.000665471535685041
940 0.0013759662616513212 0.0 0.0014935344024371929 5.087681048627601e-16
941 0.00166328953742058 3.230360731934549e-05 0.0019806555688962257 5.231825856546486e-05
942 0.009536600696112266 5.436851567867078e-05 0.003547733474444202 7.063955605392704e-05
943 0.021227754920831066 0.000334568053066525 0.005405140280043581 4.5865505984924345e-05
944 0.007109112966970329 1.0075389039737616e-05 0.005481961889849701 4.433823727119763e-05
945 0.013899252132897413 0.00020567245710898337 0.004051011351835726 0.00022002430253890705
946 0.008303174676288182 0.00012119168913756267 0.0022100428148566827 0.00011468220958591873
947 0.01088936241922933 3.230414346180449e-05 0.004801471212582174 5.2318423508957344e-05
948 0.005455097557072815 2.7614887245781236e-05 0.0023457516585661626 3.127555600455304e-05
949 0.003294978446742188 7.659560968615168e-05 0.004094882436015445 3.969329267639481e-05
950 0.011257203201573878 0.0001964869852959675 0.012918293259817982 0.00013702964540260605
951 0.003172949027454932 0.0 0.004305985175378788 2.7194799110210365e-16
952 0.0061074840766222075 3.6827362983036334e-05 0.0062036881736961605 0.00016587227218309398
953 0.0024964093060248996 7.21142307942802e-06 0.0017809033613512696 9.590713575164973e-06
954 0.008109509338947336 2.6712441835664018e-05 0.005898591997330019 6.147243616391439e-05
955 0.0 0.0 0.0021604899344171047 9.742167503148516e-16
956 0.001620861427141821 3.07700355354128e-05 0.0024180917712865136 2.7921064828717524e-05
957 0.004289222103284129 0.00012171435943368954 0.003586126820484457 5.3165717381437725e-05
958 0.0032625744383492673 0.0 0.0014260395916102118 6.080941944488118e-16
959 0.003788243746477247 5.041091242763866e-05 0.0037543138448404645 6.56079915135935e-05
960 0.024802675224992132 7.072810693707213e-05 0.0025351054978565383 0.00021578808012116525
961 0.004033429316867688 7.211176749798071e-06 0.00274126146236035 9.590712608961912e-06
962 0.00013383808237231183 3.315491288003676e-05 0.00011868300475818612 1.60800967317505e-05
963 0.0035078522136296076 4.4083236247845124e-05 0.001619155406590733 1.096919020070521e-05
964 0.019584019766675634 0.00019561461120966582 0.01273795388623159 0.00046285126573360636
965 0.0033116752811197226 2.1073424255447017e-08 0.002016964688758719 9.036560719766055e-16
966 0.004266243755682615 0.00012311223415522064 0.005361101949552246 0.00023658503662107833
967 0.05724245050964053 1.007519069294354e-05 0.007461422166477271 4.433823458231623e-05
968 0.0121546427488706 0.0001043057314184614 0.0043213736520370406 0.0001334252351843093
969 0.012071676383913958 0.00011281281307476141 0.008649493221951132 4.643174704203267e-05
970 0.021072909954115707 9.921108303198216e-05 0.005702673282394167 0.00021667296093516543
971 0.004390680110741767 0.0 0.005226258736766019 2.5438405243138006e-16
972 0.004955893631820456 2.929060424921878e-05 0.0017185478940427797 1.5859494292206136e-05
973 0.022344676598575634 5.88914552560561e-06 0.0023549345463245875 3.7636603684800076e-05
974 0.00408777038047215 0.0 0.0025019392020308485 7.957541711205518e-16
975 0.0 0.0 0.009318522861496417 3.3306690738754696e-16
976 1.0697694960175472 1.0786023836667022 0.7474051065882857 0.7488415284830809
977 0.0036989453264395494 0.0 0.004545950990043403 2.9893669801409083e-16
978 2.9360960351585574 2.9478960760744477 0.18872108217129416 0.1929350472532912
979 1.9408590944538566 1.9301666216462467 0.25337211978090596 0.2553452845725091
980 2.037821703651778 2.068922589109553 0.39571429148754966 0.39114368210674266
981 2.9115472307932158 2.918990252121885 0.7330322813749154 0.7244211967562311
982 1.4221339035564382 1.4089265387688499 0.2742047857550454 0.2821029118376127
983 3.033488645625428 3.0316401488694 0.3665015669895254 0.3713876604817198
984 0.00024742170802639554 0.0 0.00021743183057414708 1.1102230246251565e-16
985 0.0 0.0 3.9288603078087184e-14 2.1620862982352715e-15
986 0.011974464096285314 0.0 0.0037107951690569098 5.694967977388552e-16
987 0.7953036772473986 0.7924925868669593 0.5828986786063274 0.5884799813365412
988 0.0 0.0 1.5700924586837752e-16 2.9406505148178845e-16
989 1.9215954127469699 1.9301387260791845 1.1981814931477088 1.1942752658994873
990 1.7226555259374112 1.7241557651449817 0.6614208833164633 0.6525624399446325
991 0.48410183678535057 0.4993630158738976 0.2714817923573613 0.27674984447132844
992 1.9610402033615593 1.9782466452144716 0.21416424897897582 0.2060611777518299
993 1.5457329152131125 1.5452302367726127 1.3302593812739691 1.331055440483591
994 2.8389957561473853 2.8540013245420184 1.2869626455717413 1.282923800388321
995 0.00470692702911987 0.0 0.005167913248993894 5.768888059150692e-16
996 0.0 0.0 0.0005999517601904814 1.7109685898544713e-16
997 0.0021233880645410677 0.0 0.001861979003253742 5.23691153334427e-16
998 3.133149470217035 3.140191008084034 0.09728655229352294 0.08797216081558598
999 0.4777154340284339 0.4946916052383612 0.2430301929828511 0.24207151266034319
1000 3.122225759735083 3.1271612930822172 0.40308438778614053 0.3965157792113425
1001 1.310813875249028 1.301856933809022 0.8828397476902679 0.8795092275794887
1002 2.5993876346614564 2.606247340213495 1.487591382451555 1.5085712765341304
1003 0.0 0.0 1.2412670766236366e-16 1.2412670766236366e-16
1004 2.9810315961142653 2.9999074831647197 0.4032816818258739 0.382156631503644
1005 3.1093506834438203 3.109027189309094 0.5447943700791835 0.552061020802167
1006 0.11233081863534561 0.10507933860320579 0.4779014778506628 0.4711771824094186
1007 2.1026891371298824 2.10280229898745 0.7616014116692847 0.7367707408852165
1008 4.2146848510894035e-08 4.712160915387242e-08 0.00283544982927387 3.0285708444981457e-16
1009 0.6073337414014082 0.6251471594029118 1.3418702908929543 1.3160900485278573
1010 2.892624099722715 2.8905980642289895 0.9469810985652474 0.9631686473365378
1011 1.248575327519134 1.27099546274212 0.42954395884625823 0.42770713550798917
1012 1.5352111055762097 1.4934641678133354 0.5542838364091919 0.5313247514453575
1013 0.4324441504147881 0.4159964187612111 0.29473245594208325 0.2888449977702543
1014 0.025663491813235687 0.0 0.0035593546598202213 2.498001805406602e-16
1015 2.6385069562738512 2.6292277791760053 0.6653132128684149 0.681043621847944
1016 0.0 0.0 1.5700924586837752e-16 2.482534153247273e-16
1017 0.6347542334128735 0.613096729213814 0.6557536924114692 0.6463832204514287
1018 1.5178940438947488 1.5105012452780024 0.2497538057237319 0.25112636551277995
1019 2.9802322387695312e-08 4.712160915387242e-08 0.004284367883950632 2.607399605677454e-16
1020 1.3720543070515128 1.380924190606034 0.2652715997835932 0.2494241730880068
1021 0.0 0.0 0.007491636045647454 1.9229626863835638e-16
1022 2.758412504345662 2.7305407179588324 0.20154216299134584 0.21121165126632516
1023 0.0 0.0 7.0575612355629225e-15 3.608224830031759e-16
1024 0.0008807556353166083 0.0 0.00017108835658952916 2.3551386880256624e-16
1025 0.0 0.0 8.15843973306311e-16 3.3766115072321297e-16
1026 3.0605447956624525 3.0730425654447853 0.6110171533871549 0.601596644477966
1027 0.0 0.0 0.0008760851569124136 1.9407206773495994e-16
1028 0.0024600269351172086 0.0 0.0021506563958820367 5.828670879282072e-16
1029 0.040335200741464135 0.0 0.01614978211773503 5.578801654593729e-16
1030 0.4278719314237038 0.415189435255784 0.7435730273036775 0.7498675212978444
1031 0.004233805169988311 0.0 0.005717235451898522 4.1540741810552243e-16
1032 0.23327743036484164 0.1973081226371537 0.17469124131657765 0.14530204851210754
1033 0.02214158251124794 0.0 0.030790868589720674 5.551115123125783e-17
1034 0.010806667738159954 4.712160915387242e-08 0.005245279114182997 2.435541875787129e-16
1035 0.1309963130152406 0.12014558652694023 0.1262467766087309 0.14104535198050897
1036 2.692799304391435 2.7051392826188256 0.9573979783697457 0.9709026442710975
1037 0.0 0.0 0.0035544670009334564 8.804469334467935e-17
1038 0.47026030109948375 0.46877905501616174 0.29079681667771234 0.29526529369782795
1039 2.73363245565549 2.72504948475054 0.6370796654594891 0.6530257599929964
1040 0.004561285735411687 2.1073424255447017e-08 0.0026907155599197306 3.122502256758253e-17
1041 0.00101325616122806 0.0 0.0010338384397631116 1.1902782092182736e-16
1042 1.8301720247062374 1.7848529137555165 0.5757810539373848 0.5861135249403996
1043 0.007859436908753667 0.0 0.0032558529937418215 1.5700924586837752e-16
1044 0.000598188694944807 2.9802322387695312e-08 0.0012768753257577214 2.2887833992611187e-16
1045 1.3822020092307838 1.3742155270335221 0.6388730612656012 0.6462468431828529
1046 3.116207870236536 3.1110284549895444 0.8512901365583331 0.8390361511801312
1047 1.2417889813443137 1.2550554390747137 1.0421786069522854 1.0460137508856322
1048 3.008752924777493 3.0075788467839586 0.404257766304737 0.39124276483225684
1049 2.940414195615259 2.9538662271314258 0.7969865059805344 0.8105368403349782
1050 0.0002111310244279989 1.3712339684819744e-05 0.00022760787239869994 8.80625521175549e-06
1051 0.00015105230310047995 0.0 4.80410576811762e-05 6.004449063730082e-16
1052 2.5668924984661934 2.587222608325206 0.8797234907240514 0.9027902856394475
1053 0.00032789050494219776 0.0 0.0004443994888900992 5.842284950205937e-16
1054 0.0034701797670154844 0.0 0.005784386500602422 2.2887833992611187e-16
1055 0.00022014276414704015 0.0 0.0003785463520952874 2.7755575615628914e-16
1056 0.010997456620027948 0.0 0.004642974188221427 1.3732700395566711e-15
1057 3.09952321345491 3.1059031882060824 0.427786513712327 0.4297678396599451
1058 0.0019032388735818074 0.0 0.005133495051645964 2.482534153247273e-16
1059 0.15372691042427347 0.13036301171111767 0.1360350163540247 0.12406718793046073
1060 0.00042497780058867586 0.0 0.00019932031869222 6.036438896220727e-16
1061 0.0006656288322578471 0.0 0.001260613134872621 3.64275408404521e-16
1062 0.47227821659671 0.41767506495217843 0.2689996430763193 0.2431318418599813
1063 0.0012576049163786586 0.0 0.0016910222367348782 2.220446049250313e-16
1064 1.787845231135046 1.8129311770993362 1.1459582345952788 1.140216851231703
1065 0.000743599749666996 0.0 0.0005565505542371512 3.122502256758253e-16
1066 0.0001300379388166011 2.1073424255447017e-08 0.0003500986800850953 4.596460756922437e-16
1067 0.012421823505254843 0.0 0.003689209863478735 6.377745716588144e-16
1068 0.00041677083111724687 1.763080053270162e-05 0.00015658298194736977 1.4444332449930407e-05
1069 0.032709332287463644 0.0 0.02264137328688937 5.551115123125783e-17
1070 0.007022797482860213 0.0 0.004905355963412446 3.3422138886441676e-16
1071 0.007807401810412781 0.0 0.004609428273981374 6.463236069784172e-16
1072 0.0001660411914893139 0.0 9.506950101247136e-05 9.155133597044475e-16
1073 0.00016863109222783087 2.1073424255447017e-08 0.00024714828144360533 3.8459253727671276e-16
1074 0.06211503930786935 0.0 0.03641639962274866 7.130536482749599e-16
1075 0.001877147446038271 0.0 0.003371846127852231 1.2432050435751766e-16
1076 0.00033202650291982663 0.0 0.00022719787080315043 5.087681048627601e-16
1077 0.000355821732025201 0.0 0.00022093515573364813 1.594436429147036e-16
1078 0.004969234910115723 5.16191365590357e-08 0.00494311684262629 9.42055475210265e-16
1079 0.004001445141014313 0.0 0.008278314194757982 4.1540741810552243e-16
1080 0.019018919588097056 0.0 0.01668531892435101 4.965068306494546e-16
1081 0.024215441956229742 0.0016153892723106305 0.007930093309381754 0.0007644452634996946
1082 0.0015017731800694668 0.0 0.0011707758249899964 4.1191555942998253e-16
1083 0.0001411592703229229 0.0 0.00022167915758828621 4.996003610813204e-16
1084 3.0955395609924934 3.1175511747689995 1.161183198256599 1.1884084287505823
1085 0.006189952996152968 0.0 0.00357274744721888 2.2418920588914327e-16
1086 0.0013068599330474777 0.0 0.0018696127469370882 3.4359788356585895e-16
1087 0.015352890798657459 0.0 0.004842580746336343 5.79553433516819e-16
1088 0.00013500571129065664 0.0 0.00028595718916860026 2.9504581591051765e-16
1089 0.0032654517190495755 0.0 0.002080980041679301 7.947987303456224e-16
1090 0.00039964236418139486 0.0 0.0003518824799369124 4.839349969133127e-16
1091 0.0020901628227246133 0.0 0.004479541200148757 5.661048867003676e-16
1092 0.0007160997813379699 4.712160915387242e-08 0.0013262575034088473 9.159602786276758e-16
1093 0.010271842088059535 0.0 0.00853873624120551 1.0175362097255202e-15
1094 3.0048159352237898 3.009437723541057 1.0687822542489136 1.0699375802321158
1095 0.11772167094491967 0.0 0.06733240531836504 2.9110293291727306e-16
1096 0.285055015542751 0.23791526579904257 0.25932910818952365 0.21632532921821282
1097 0.00019277569894901258 0.0 0.00028903470350657035 5.087681048627601e-16
1098 0.2566493106222716 0.0 0.1847335415619701 2.6320374555608124e-15
1099 2.9836570791279713 2.971620271077064 1.1453855654496894 1.139161211510186
1100 0.0 0.0 0.0027199770938128864 2.482534153247273e-16
1101 0.001938340607286721 0.0 0.0011166053321085812 6.403362282114315e-16
1102 0.01909527138294927 2.1073424255447017e-08 0.009671478597908982 1.594436429147036e-16
1103 0.0051631283488050485 0.0 0.010135843801919297 3.3103687685155823e-16
1104 0.02990394909261797 0.0 0.014638714508221806 1.5700924586837752e-16
1105 0.8766887411280453 0.8464091874445877 0.4229234078133388 0.4085162296738585
1106 0.0013533542393937151 3.6500241499888574e-08 0.001056783811586505 4.47545209131181e-16
1107 0.000501681855516605 5.593525157817242e-05 0.00032866905977022286 4.821880178162466e-05
1108 0.0031929144858232027 0.0 0.002433809937958192 4.611102534756203e-16
1109 0.004010158912691528 5.960464477539064e-08 0.0017414386939012165 6.187688364358555e-16
1110 0.016539205048980907 2.9802322387695312e-08 0.006503131548789569 5.147892387644517e-16
1111 0.004694493650305246 0.0 0.002824368607350017 7.850462293418876e-17
1112 0.15221394905042435 0.0 0.17709776318491832 7.947987303456224e-16
1113 0.0015675549315356677 0.0 0.004185411851389212 5.900916318210353e-16
1114 0.00011933748616119011 0.0 6.235993684617916e-05 2.3592239273284576e-16
1115 2.839699128679638 2.8082649319365207 0.6345456143144426 0.6354099163211949
1116 0.007579352915580967 0.0 0.004591864003429058 3.510833468576701e-16
1117 0.022494155275444634 0.0 0.011352305102800716 3.885780586188048e-16
1118 0.007123415312642879 3.6500241499888574e-08 0.015012140166610786 3.3306690738754696e-16
1119 0.0007360953846693932 1.8695548166532622e-05 0.000828060468547553 2.1205871961077813e-05
1120 0.00391960981328404 0.0 0.003674306879547929 6.713178136967714e-16
1121 3.064730714000634 3.056365616771416 0.6886384328747248 0.6715271670486431
1122 0.001473056164846967 1.763009524727983e-05 0.0008039493755598054 1.4444091741857783e-05
1123 0.00033969554635651064 1.3712274912465946e-05 0.0008229716612608919 8.80625813426476e-06
1124 0.0 0.0 0.002489257144850473 2.0014830212433605e-16
1125 0.0008116317660235531 2.9802322387695312e-08 0.00041689212099891334 4.3709524189038457e-16
1126 0.00097931183848968 0.0 0.0007610591139328268 2.4394924734781536e-16
1127 0.0019451338024542935 0.0 0.0033452981263075118 7.850462293418876e-16
1128 0.024854001080235787 3.6500241499888574e-08 0.006434616650594671 3.040470972244059e-16
1129 0.0015251923818307474 0.0 0.0011793966840811583 1.1527756336890508e-16
1130 0.003709430445205504 2.1073424255447017e-08 0.009609240157349463 2.482534153247273e-16
1131 0.0015196494342927995 0.0 0.0012758633315979719 7.952832160537328e-16
1132 0.000568388989610692 0.0 0.000638498351319633 2.237726045655905e-16
1133 0.010512252373196418 0.0 0.011630313761725542 3.510833468576701e-16
1134 0.0011970799493577352 0.0 0.0017961394262578207 2.2887833992611187e-16
1135 0.008156349385150712 0.0 0.004837127730906268 4.441434166503682e-16
1136 0.0018909204127129167 0.00019463492933880042 0.0005916893529762145 8.12337172313119e-05
1137 0.008341059718021085 3.6500241499888574e-08 0.015493709336263551 2.2887833992611187e-16
1138 0.005466822432134834 0.0 0.006238659580848147 2.0816681711721685e-17
1139 0.0020655209316987936 0.0 0.0010335288958367237 1.1188630228279524e-16
1140 0.0009750459850875894 0.0 0.0007404587146258769 2.0770370905276122e-16
1141 0.021741440193633235 0.0 0.0071074531325805235 1.594436429147036e-16
1142 0.002400499321945502 2.9802322387695312e-08 0.005801208797481379 2.220446049250313e-16
1143 0.005087530954494035 0.0 0.00534898508442285 2.4099548727191465e-17
1144 0.004642262285360089 0.0 0.0022680300481501235 2.220446049250313e-16
1145 0.005387011901393218 0.0 0.004681815038179205 2.7755575615628914e-16
1146 0.015806914746310328 0.0 0.0046266287977226065 2.38182018474016e-16
1147 0.0005099127930792919 1.6887690504203884e-06 0.0008385557786076905 1.1219297979485625e-05
1148 0.0 0.0 1.5809870429811766e-14 1.0175362097255202e-15
1149 9.215143623101345e-05 0.0 0.0002835779379345198 2.8441001681421824e-16
1150 0.005820932708207215 4.712160915387242e-08 0.003257569817934005 4.744904746134193e-16
1151 2.8134246544532937 2.8267628975869563 0.6762515531056131 0.664279188671629
1152 0.0007594173399271844 2.9802322387695312e-08 0.0012351232203677777 2.5438405243138006e-16
1153 0.0020344495600421284 2.9802322387695312e-08 0.0020199700905058327 7.108895957933346e-16
1154 0.0008338286873734135 0.0 0.001427559473512036 2.2887833992611187e-16
1155 0.0 1.6882430360639368e-06 1.2859566321144608e-14 1.1219297651214557e-05
1156 2.858820299639265e-05 0.0 4.2473909999112954e-05 5.594315114139762e-17
1157 0.0036654007380138983 0.0 0.0050942404227810835 2.482534153247273e-16
1158 0.0035868587716708926 0.0 0.0018567590993850919 8.582937747229195e-17
1159 0.00013356298564989088 0.0 3.8810506024761524e-05 7.757919228897728e-18
1160 0.0007069209963215501 1.618220825264437e-05 0.001270836102983329 1.5735681896844218e-05
1161 0.0028263780716500345 1.6182221974165396e-05 0.004010093311373679 1.573568189743222e-05
1162 0.0006059083083957113 0.0 0.0006651700558533084 5.613217783960923e-16
1163 0.00042939045408804937 0.0 0.00044186557745556156 7.786725208595148e-16
1164 0.0005776016241513545 0.0 0.001133559897506509 2.5438405243138006e-16
1165 0.018447560008865504 0.0 0.008378879880867048 2.482534153247273e-16
1166 0.002929773675297561 0.0 0.003675766941576647 2.830524433501838e-16
1167 0.00032784569619295366 0.0 0.0009175514422384711 1.3877787807814457e-16
1168 0.0008520527399426609 0.0 0.001494701626687532 5.551115123125783e-16
1169 0.0032903676492700234 4.553136061328254e-05 0.0028076291761939486 2.0456784175723138e-05
1170 0.0010771924733236054 0.0 0.002239226316797089 4.775249788392736e-16
1171 0.00018055222191242136 4.712160915387242e-08 0.00030358545343119313 3.562745748908499e-16
1172 0.029578049326886704 0.0 0.005584540022096236 4.1540741810552243e-16
1173 0.004182838031712962 0.0 0.004650584277629021 5.096309351508905e-16
1174 0.00021972800228341286 0.0 0.000846931337837172 2.9893669801409083e-16
1175 0.005809776029011956 2.9802322387695312e-08 0.0032700841581227683 5.551115123125783e-17
1176 0.002097559185664218 0.0 0.0014638217367574536 3.925231146709438e-16
1177 0.0030136635104237065 0.0 0.0051647889159829145 1.3597399555105182e-16
1178 0.0029587797762231907 0.0 0.0011056524595548787 4.1540741810552243e-16
1179 0.009800310635055357 0.0 0.003029839996588309 9.309503074677274e-17
1180 0.0006220502332353754 5.16191365590357e-08 0.0021026045122418935 2.0770370905276122e-16
1181 0.003874403180816931 0.0 0.0028398337003467788 3.5551252101777283e-16
1182 0.0009146693015853102 0.0 0.002968271647809874 2.9893669801409083e-16
1183 0.004719426919421525 0.0 0.00489801949563365 1.7554167342883506e-16
1184 0.0034738249322746767 0.0 0.0029113166978566034 3.510833468576701e-16
1185 0.0020980259946809035 0.0 0.0007574290546525033 2.7755575615628914e-17
1186 0.006188244578399458 0.0 0.007885456370741204 3.521787733787174e-16
1187 0.0014829670168188835 0.0 0.0009913523671360106 5.551115123125783e-17
1188 3.0620854412650598 3.0416246172819807 0.26821528268665906 0.24179932242882454
1189 0.003355271780242127 0.0 0.002257313963168211 1.2412670766236366e-16
1190 0.0055751154696251325 0.0 0.0035114786814811317 4.041272810440265e-16
1191 0.0009529026662693634 0.0 0.0022447845815390596 2.2887833992611187e-16
1192 0.0013545008172796778 0.0 0.0010615224201574495 4.335559509131367e-16
1193 0.0005225542160630074 0.0 0.001574666983759608 2.0770370905276122e-16
1194 0.0012016123494320691 2.9802322387695312e-08 0.0004623426111324795 2.603703785810335e-16
1195 0.0016672836622385705 1.618240035287997e-05 0.0008219847809553192 1.5735822230156524e-05
1196 0.0022486448967027665 1.688506063725588e-06 0.0015824397677921423 1.1219303243951412e-05
1197 0.0019474905656968128 0.0 0.0014172317084246875 2.0816681711721685e-17
1198 0.0012546794228029952 0.0 0.0003869327704011928 2.3714374201337736e-16
1199 0.0004324026665950692 6.281386856875613e-05 0.00037031143543699734 2.1980886445262398e-05
average rotation error (rad) without icp: 0.7864455021245779
average rotation error (rad) with icp: 0.7801505725567962
average translation error (m) without icp: 0.34903340469445077
average translation error (m) with icp: 0.34328459594726807
