0 0.32887827003532555 0.0018449788248255487 0.14603290490691373 0.10342410305532423
1 1.2205077321634399 1.2212363391607681 0.7121494761893962 0.7031593364767068
2 1.0506115920923536 1.088239561706884 0.6526696804915215 0.6614757155377349
3 2.503814547925307 2.4917750806927486 1.7801930726418635 1.7836414825167501
4 2.7689346260013528 2.769530073942342 1.3237582011170868 1.3354591921890857
5 2.1623968768841135 2.168197432700693 0.5612835784950643 0.5623392608938806
6 2.2421100361492736 2.2843851022816444 0.7465450420141126 0.748554201134785
7 2.9770040655565015 2.9858627300646474 0.42066777995317933 0.41853677137287626
8 2.2157092794890043 2.220843716084056 1.745066502036382 1.700016891771715
9 3.1238718641359005 3.1137285494873312 0.8950001971825445 0.8842139931775486
10 2.6105527047438386 2.486165753596232 1.7843838032031363 1.8162373443538595
11 3.10971703055398 3.117280848620636 1.2402251145373018 1.2011901386613235
12 2.8066974524871435 2.8039966228333433 1.538448269959175 1.5480592859985753
13 2.2956644411823643 2.2956644411823643 2.040722983704816 2.040722983704816
14 2.9257733054517683 2.9418242656626687 0.7215296786536325 0.7129123285066611
15 1.440796391555869 1.4249064484126073 1.998604774194675 1.9970245703255116
16 3.0094712961556995 3.0217442329252724 1.0913862807993138 1.0867464107743212
17 2.544003290318608 2.9397965293408985 1.4975370008973945 1.5518526824558097
18 0.8653544958802603 0.8302569444598267 1.801432080719383 1.8137714463913874
19 1.1138008165276212 1.0534198852740941 1.2020653281810627 1.2230208545308858
20 2.85280995861006 2.8506572678829443 1.3918552331105967 1.38570555782331
21 3.1192750492828596 3.1062601913939494 1.4351952766583431 1.4429261629443626
22 1.2775377855044232 1.2924617557866729 0.5711610913072391 0.5743505842398083
23 0.8964633543942845 0.8950912521863251 2.8888271274208437 2.866445132630227
24 0.47209289894460893 0.0011354816002074125 0.04083887543445004 0.011899129088512022
25 2.6915044936732477 2.7368282850736185 0.35210535201778287 0.36979107741325584
26 1.3626510000489145 1.3989377074841458 0.7688508663120018 0.771917454142978
27 1.3921856852460186 1.3790369039713604 0.42888229990628113 0.43888072770944336
28 2.8200595094726175 2.8271167358860088 1.2097519658559763 1.200634320900614
29 2.7781178974123106 3.097298921247192 1.5427725804388197 1.6911446665354695
30 2.609686961997219 2.6213011362273657 1.7355528227829964 1.7493963477890062
31 1.9278865425426808 1.9256855711887482 1.6905648763109251 1.689846676715785
32 3.102854837851063 3.1127793671438675 1.007997636363809 1.0156581141185854
33 2.329157258893979 2.2987484884012717 2.4717661845232324 2.459081937879742
34 3.092463807887046 3.099304585251939 0.9356166773773117 0.9431782033262868
35 0.9904010864712357 0.9839149640249306 2.119657125943586 2.118386352022806
36 2.6155685618368 2.6191582105674005 1.3859425846109181 1.3854254434297104
37 0.2528552711872635 0.2772083123345252 0.40220172195900955 0.41484756615965623
38 0.9005919974295763 0.9005919974295763 1.4942124597278743 1.4942124597278743
39 0.4370247273652629 0.4468299180259413 1.5912579859861318 1.5731710530113694
40 2.6075896889781904 2.5937284648841685 0.51807931001572 0.5151607400739423
41 0.707051240807674 0.7364055186397582 1.1681374215919016 1.1605285231337166
42 1.1848608914243723 1.185485567260537 0.8373872243324582 0.8244298537757739
43 3.0936846220041296 3.0924941181571293 2.2489798107715147 2.2510865807965663
44 1.3203777458703376 1.3391065681913255 0.29139005829525505 0.28390206213130686
45 3.0217898714308298 2.955505624625195 1.3452843083452368 1.3755526964222313
46 2.4728865702519833 2.4739250036568508 0.6408540620493365 0.6576711845492531
47 0.9546772436372991 0.5864271868435845 0.3972760392610939 0.3379180701292273
48 1.4100036868661174 1.4726692613782262 1.5371064875390925 1.5451054107204683
49 3.087400900650632 3.139257035589406 0.6110810156994549 0.6095265479321139
50 1.5580995045563075 1.5535667667935096 1.233983427855369 1.2367860544123859
51 2.2781339990521237 2.2869241783191505 1.8697683262254272 1.8648492737940188
52 2.8372780451666944 2.854683854190133 1.2327900155667229 1.2155825053950613
53 2.0659264090074734 2.110620343370284 1.5644474651927809 1.5799356761812946
54 3.1191588278070053 3.133727976949879 1.093412443697696 1.0736357359527804
55 3.0412948665252375 3.036242752935531 2.550626940382144 2.553018744722309
56 0.16293087272984483 0.15636239733784354 0.1855391465011556 0.16373811159091975
57 3.0942062636416776 3.123508663503493 0.30522179854427833 0.23620446675268858
58 2.12628264052236 1.9490477631080725 1.031459615242277 1.0568606708368946
59 2.7899664139232954 3.0389522118683505 0.4346761990955216 0.4627053957699118
60 2.8230093308796644 2.8194427008855665 1.0461797520853833 1.0448874930289271
61 0.5239052146189992 0.5271601936772139 2.0239579119384654 2.0231430214965394
62 0.8646743107737608 0.8640804256545055 0.6071882604153078 0.6266661413765788
63 1.795993582782463 1.7783971247939812 0.48160075433042276 0.4744929643379048
64 1.0554550370947653 1.019849560210598 1.5298780126531133 1.5042828738704535
65 1.5049887221151956 1.5053425394158473 2.3658904108170247 2.349682916419119
66 3.03307164207705 3.0569186316613743 0.9695587928779086 0.9598199453199457
67 2.423542784565472 2.4717228997168936 0.13727405055979713 0.12063010394298412
68 0.09265635381729738 0.09100840909665353 0.7741474984963727 0.7800562288910771
69 1.7027200344000593 1.6939942945460367 1.7804508006356776 1.77938298003788
70 1.2673292868938084 1.2660897446983534 0.5094707733338407 0.5031120257326307
71 2.460396047012979 2.5114671652041505 1.8885442273852362 1.8839095764302625
72 2.0798060407879055 2.0685103272115217 0.2314084544187528 0.2406194387950435
73 0.7569574371342398 0.7590259544508003 1.3854162142544588 1.3848967194312043
74 2.9106166528546815 3.1129393883552336 0.5247751505429867 0.33535340761384136
75 2.9557322109135407 2.9957443236204373 2.736279695873046 2.7333885595896596
76 2.7016570897309737 2.7015661175627 1.7793089440831973 1.7801348711491454
77 2.0936380337235714 2.0755653594632797 0.4954113982627569 0.5062380433504294
78 1.7669020229090815 1.7669020229090815 1.6577200541603276 1.6552457238526308
79 2.966444447496793 2.970906646754018 1.1883393474850492 1.1796611473805667
80 1.3834511829592073 1.2593711553533187 2.4957424058160242 2.3240005097667145
81 2.657079955822798 2.655203120006123 0.9216622084547086 0.933166006955617
82 2.6370998742482468 2.651197215662891 0.518841050808448 0.5148052544122551
83 0.8407134949357088 0.8202525581570157 1.2327860702962725 1.2342299890666928
84 2.351592996545763 2.33625045588269 1.0055576045879941 1.007897649414869
85 0.9577669329026215 0.9949873047665724 1.2272651428678347 1.219150751652237
86 1.0786234868733424 1.0786234868733424 2.259009513785994 2.259009513785994
87 1.4865400191014837 2.963152799714036 1.80198764170319 0.7703092099842297
88 1.8133007149682205 1.8086007303779754 2.2594668944139684 2.2638595465858766
89 1.8226448354263536 1.8112863473363603 0.9739462915023862 0.9735229110431509
90 3.0945260809124973 3.0947285357347187 1.534116510150252 1.5085201760738571
91 2.2114355163707295 2.2184914954273247 1.0675640908171542 1.0695712028290925
92 1.6939815578295665 1.7013600591653486 1.8642481972815301 1.8508733674673248
93 2.3054248405288833 2.306322642170338 1.2028091382599295 1.2090372439683454
94 1.580829970319551 1.5781451183175847 1.6257419837006153 1.656447957283128
95 2.9372626267405426 3.0205024556994977 3.3686095932162003 3.3157909096642317
96 2.7639829728234444 2.7887249085492867 1.1723393579749029 1.182725585768069
97 1.9321083530163954 1.9321083530163954 1.545398855688461 1.5422330289096777
98 2.4799908694105945 2.42980420345467 0.7225515239226051 0.7029999074195149
99 2.7660369253327772 2.7657290973565245 0.7500012514317635 0.7532408168286774
100 2.877088132485356 2.8904881585667543 0.6812054288209549 0.6435092200533143
101 2.645032901975142 2.658229073759439 1.2592747009479723 1.2683168793200654
102 2.6120334302534727 2.6173728210678124 1.2139228146091936 1.212363023042548
103 2.7437528192561738 2.7473526683126983 1.3144427496585547 1.3214908902504772
104 2.0150136250477244 2.048527270748825 1.3140460794405735 1.2988100314298532
105 1.5301376820158976 1.5216639129510199 1.550878356268788 1.550448493786893
106 2.005191843321634 2.0071412334818914 1.834427670199425 1.8360401888424651
107 2.7889759140122052 2.7889759140122052 3.0958172824186923 3.0958172824186923
108 3.1339410417400515 3.1406639767438262 2.5400011369939106 2.542771920541841
109 0.5569602240993241 0.5587515331686058 0.6447807817894224 0.6433242047209558
110 2.945399717170312 2.9441345487202475 0.5189579728831089 0.5044881693158345
111 2.2735827611668946 2.2680224860781704 2.0509980603245865 2.0592445562698396
112 2.2955812990308884 2.3181267915539947 0.8504702708853646 0.8720315094806844
113 0.3072397506896668 0.30709634870530694 0.45341099377791355 0.4585465182242493
114 2.0943951023931957 2.0943951023931957 1.218871306265836 1.218871306265836
115 3.0345143572472266 3.066876700255088 1.284040363599443 1.2966686788142956
116 1.9880672091007758 2.0179739871281885 1.8346553833993904 1.7968781218028724
117 2.7855062916747313 2.7671402010463875 1.3206258788898106 1.3261306727395812
118 3.078765403742719 3.080747571584193 1.836110510897804 1.8417957969712764
119 2.2108271208443457 2.2108271208443457 2.7193190545221007 2.7193190545221007
120 3.086166309268601 3.088176661063664 1.5875128872561013 1.5840057130554215
121 2.4769879344915102 2.4712548979557747 1.1008322144301483 1.097423436841704
122 1.0411575094769492 1.0444725710571061 1.3063726477450857 1.3166250552880245
123 2.1807524155275018 2.1714938494392526 1.4941430616140075 1.4931020243916968
124 2.607970678424493 2.602530526866237 1.0718891274674198 1.0689071457848767
125 2.5096989500079494 2.482177977454018 1.7411590791962361 1.7232068763249355
126 2.289081569936631 2.2793317386952885 0.5476158572953321 0.5447858929369427
127 1.2938558578301027 1.3091159204411802 1.6128017028240953 1.651786238443634
128 1.058822777537631 1.058822777537631 2.637324444673519 2.637324444673519
129 2.209756673823027 2.208552795393853 1.3635644432589644 1.3528016802325975
130 3.0615992704651274 3.1309169312630285 1.419058463685024 1.437640181590061
131 2.206947216471536 2.2123016264136 0.9171689426389026 0.9332245127849051
132 2.4730369968588857 1.3970911156081522 1.3197839862239025 1.5288288660226586
133 1.9554207707362268 1.9295543437711986 1.1103071698867713 1.0977910531157626
134 2.7883284164582207 2.7790631321113963 1.547856371903444 1.535518701526717
135 2.4247052259308752 2.4247052259308752 2.3251696586110846 2.3251696586110846
136 1.4050685344391294 1.4171638839174614 2.362761839825708 2.357149119966429
137 1.9121156031173099 1.9121156031173099 3.116290782490223 3.116290782490223
138 0.8929409184047554 0.8391098809610616 2.615060140041708 2.6368599749990964
139 1.255082085573373 1.2550152517724924 0.2780537334079881 0.28544303427601164
140 1.1281867295433101 1.1098624817048632 0.46050873211420446 0.46868797524100186
141 0.6067099365245621 0.6178143592700195 0.2755617897899979 0.2622680632163732
142 3.0112243815378212 3.007027859096068 1.0022970851143764 1.003913574204164
143 1.390222666676532 1.4061247415620215 1.7687936936558404 1.7611431476149746
144 2.0943951023931957 2.0943951023931957 0.5321106888064357 0.5321106888064357
145 2.0943951023931957 2.0943951023931957 0.9872556489104616 0.9872556489104616
146 2.9306361578905378 2.931984010498914 1.322112254231599 1.3232159917281767
147 2.560264920472536 2.602738814848893 0.8611928927650908 0.8311715335815227
148 3.102075843040069 3.1003214210348755 0.6844470273731205 0.70518813851644
149 0.8804975328272455 0.8898575414892379 0.2749486630045987 0.2594202777909112
150 0.5386567476735423 0.5459109106517581 1.705689997478595 1.6970564325322146
151 1.9290190874095832 1.9166839428647413 1.596477567041619 1.6004154299775033
152 2.820175482006191 2.8112990036090193 0.7149739361660082 0.718807296768637
153 1.7039974823628206 1.6700367892702779 1.1399018719324798 1.1469267696035943
154 1.4872063865308895 1.4921492482284424 2.820850544724227 2.811620979919994
155 2.1263618395703467 2.119331404133604 1.4410100713428229 1.4542241754028693
156 3.0478849642665726 3.0001240764388304 1.1549799592030296 1.164461063909725
157 2.184275000302947 2.1858700107547198 0.7680595300288512 0.7689113313376105
158 2.7873202571048306 2.796410896620875 1.998386071905983 2.0028261985609768
159 2.1508043040893647 2.1508043040893647 3.701897022820018 3.701897022820018
160 2.1679782202270066 2.171495768387197 2.201707051792673 2.2049374101691663
161 1.528078454253584 1.528078454253584 2.6530861515063964 2.6530861515063964
162 2.734211522812251 2.745118559739462 1.043942714812644 1.0506947663986639
163 1.0488059827676994 1.0406776141808822 2.380377101507593 2.3822514461362108
164 0.7472419449348673 0.7472419449348673 2.5364565282023235 2.5364565282023235
165 2.956447400666682 2.985094233659857 1.516023532807614 1.540831780951311
166 2.557334029405628 2.503625815979199 1.288906068555921 1.2761857168597877
167 2.657942315285989 2.6565666623477404 0.9764173122562179 0.9592566211912344
168 1.2190610974110478 1.2271069381986413 0.9796414177314617 0.9779053617190248
169 1.6643825798926215 1.6151486501303445 3.1828290343044094 3.1909960573849596
170 2.45669946659446 2.45669946659446 2.2930621581728494 2.2930621581728494
171 2.739489368259132 2.750163791101219 1.0640336979550622 1.0711431573158015
172 3.1257599376982785 3.120914555390546 0.9928178402467092 1.0056250840613596
173 1.8587626251816087 1.8630640763656483 1.9746189410920185 1.966936629667583
174 1.975137354804173 1.9719287317269918 1.8153314848574416 1.8169889372198578
175 0.8542023274845972 0.9315308908967143 0.8856859042233425 0.9238617855913637
176 2.1432714303734755 2.1421392445295195 0.7326998161503194 0.7304422977108852
177 2.981017545201728 2.958114083756582 0.24195824415509523 0.24655308418267982
178 2.602435353431315 2.557639601014548 2.143680220448027 2.1234557400170355
179 2.27091109503684 2.281669398607393 1.294105114858899 1.2922639423355238
180 2.2480259360441845 2.2480259360441845 2.3832543831218094 2.3832543831218094
181 1.1853321025684698 1.184729373609942 0.33503460310248406 0.30587486682611603
182 3.139241641604722 3.140158476091722 0.5528322895644258 0.5553207620097039
183 1.9578731928613202 1.9567317111968987 1.1470036927545066 1.1391797538340986
184 1.6086225155041762 1.6038771737776993 0.6454325524372593 0.6635127712354095
185 3.076406861503634 3.085276623189209 0.8880977936804737 0.8907973134028646
186 2.965948504477798 2.977072275002522 1.0172699227994686 1.0183460624358618
187 2.5617877587386584 2.617586803646606 2.260622860997947 2.2817105677391076
188 1.8398088198346634 1.8814197597643414 1.856800592550756 1.812715189643185
189 3.0568740840051665 3.0566001706372554 2.3569285348563964 2.3553572229038724
190 2.816695012671715 2.8069229393317103 3.76257209627148 3.7778903983624446
191 0.5287816221953298 0.5233635008229275 1.02782301470438 1.0238513234062425
192 2.2575988587503506 2.2582880491486144 2.2403279841177492 2.2357930451858286
193 3.0161723450020017 3.044541574214793 0.847106083987052 0.836150080547281
194 2.781891672654206 2.7611061480123658 0.6363201746282264 0.633524667102819
195 1.939093187529888 1.9600354964002755 1.083812065348738 1.079563451832812
196 2.893564626098906 2.8930385823797007 0.38242080640986825 0.38959328902894236
197 2.756458409389459 2.756103555269532 0.9523242256611777 0.9480947591929425
198 1.3431208646107038 1.3534521609390677 1.7226475012166975 1.7180483976088852
199 3.1207491660318207 3.127179655492279 1.8573552835360152 1.8646871443086017
200 2.960418587744601 2.9304427482022724 1.6550171534449694 1.668555905304672
201 2.298996813108755 2.302775439451258 1.0442228055197187 1.0467629292231746
202 2.410212459963499 2.391738956518412 2.3583948804883805 2.3506127906524985
203 2.831534510363818 2.831534510363818 2.105872564804459 2.105872564804459
204 2.411098452046113 2.411098452046113 2.5313070365070485 2.5313070365070485
205 2.020869612327761 2.0195898303945676 2.588652138177041 2.603962084235766
206 2.852474521395201 2.844309179567586 0.6323966050641883 0.624750490289793
207 2.4614428101509547 2.451896005897335 2.1581489950300834 2.166693601594887
208 2.862637868297912 2.8642852648274886 1.1929997346475893 1.1906163485286372
209 2.910333796703503 2.917337183615641 0.5990735566609705 0.5980378798571004
210 2.7480357880506077 2.7529298632730774 3.0154556652561904 3.0085491467144396
211 1.700168996313663 1.7029205666000824 1.3058441829635279 1.3057981622878463
212 2.890469902421277 2.890469902421277 1.6143592279354413 1.6143592279354413
213 2.8623125003731213 2.8703274427825707 2.0472094120097992 2.0702291621102886
214 1.8796082479242824 1.8705843212812518 1.4797321127597374 1.4808686189838878
215 2.551769961078334 2.553264644048741 1.6117281586150294 1.6099082561453364
216 2.3966734549806232 2.402471061097519 2.825362955204696 2.836694069698255
217 1.9766097758648487 1.9612844430934822 1.369313958939899 1.365715402433391
218 2.5147062219371406 2.584093965923421 0.6865121976707262 0.6731731338324359
219 2.5370362052821998 2.554489648188193 1.1641132924408562 1.15743995659963
220 2.5867473314007396 2.5974056443887004 0.9119891007652109 0.9108287864390581
221 2.0204814072725887 2.0228594278849417 3.0793787127140595 3.0840067147398176
222 3.1401241778901814 3.1300956313731954 0.7998734771033559 0.7898493584790984
223 2.0762126274956563 2.06582366880954 0.6729735213864951 0.6683967912310423
224 2.1519138260395994 2.1862703222743938 1.4264887123036705 1.455985690115634
225 2.3005451471819875 2.3250687682670725 1.19386288873792 1.1665615904255213
226 2.677710558988384 2.678380678281081 0.8005182653473193 0.8047607098397834
227 2.0417075714971507 2.0465979608340197 1.9754417188239521 1.9808564943639655
228 2.8312820724559877 2.8124532139266964 0.4375785958646824 0.43018242776287524
229 1.3922465262200778 1.4409625071306362 1.0275968838386655 1.0363379738809242
230 1.321402856960659 1.3139292887221372 2.327203174247054 2.3303002378652398
231 0.833117824294138 0.8206867536131202 1.2751894944703408 1.261601469081658
232 2.8614883789418197 2.8614883789418197 1.4973215595781293 1.4973215595781293
233 2.1339748480647525 2.103334032665352 1.2657715512140042 1.2798585475318482
234 2.1264187157464964 2.1159197214579724 1.3370224420253076 1.3593908720900227
235 1.6092344363413433 1.6487286939075025 1.470491763853919 1.473670458920611
236 1.3978169068838162 1.4144693882516066 1.5285235643967863 1.5209512234404141
237 1.033107126778805 0.9478320909977458 2.292765041056469 2.349195849983433
238 1.6384999320796136 1.6384999320796136 1.9413439025135908 1.9413439025135908
239 0.8720132176094633 0.8955012769317197 0.8267787867266689 0.8141741793952632
240 2.80995036517331 2.833647450079167 1.2644520139092328 1.2628967439187773
241 2.204547260751243 2.1682011340604865 0.8369758877048233 0.8243719955828103
242 2.4151434177049 2.417214299057651 2.2971806655076707 2.300165646657369
243 1.6408311458142786 1.6407943192529555 0.2915299639864513 0.29561706084451633
244 2.4759091200808454 2.3384264490547015 1.5300517261071074 1.437575925936605
245 0.04243345028470446 0.003594680688953684 0.08761016707044475 0.00991463560359658
246 2.6972973399378395 2.6996489810763404 1.7745275790265593 1.7494458217522755
247 2.91981624635239 2.7649410235860423 2.088106498010943 2.2499220345770956
248 2.797965264910144 2.802722469011982 0.8693039157507493 0.8800433212142463
249 3.099883782769261 3.091696722387225 1.5437528546281702 1.5552208744235008
250 2.690825111395235 2.6915599754028534 0.905899566651961 0.904285359241209
251 0.9112595323201115 0.8734776295079443 0.3466218516438667 0.3393959701340578
252 1.138929368905732 1.1594184578521103 1.5184014558899892 1.521376567666815
253 1.249489849384412 1.249489849384412 3.4214711641793714 3.4214711641793714
254 2.6337126624733975 2.61936102016577 1.1661790477266245 1.168311799352662
255 2.6585023887006707 2.667416320019036 1.555845605282025 1.5655425477982468
256 3.0416332125447463 3.028235004061595 1.0773613975433343 1.0619543149618476
257 1.4370663399064558 1.467551031193875 0.8108783745896647 0.8030680157899182
258 3.079999603226878 3.0968141449447635 0.6809772468516114 0.6423863378631337
259 1.030132149629743 1.054586387913715 1.046019294937257 1.0563729283018464
260 2.5121473624933857 2.5151928430085255 0.3475299012061932 0.3458724587448904
261 0.6222990583756658 0.6314765835425151 0.17548155449916217 0.1790707000610008
262 1.1622909925152547 1.1701478847349587 1.7122611400639562 1.71702808641184
263 2.083939014003779 2.1434079652402502 0.5764094017846592 0.49543156343761224
264 3.086943057901655 3.0924953909974584 1.1654134201966642 1.1639413774505163
265 2.5557022956290933 2.5301402007628653 1.4153901560137012 1.4300800531790325
266 0.9894264193989563 0.9164281984386073 0.6699543779204823 0.6575398523009414
267 2.459224198735267 2.4733760663670687 0.906418239644727 0.8921257823807617
268 2.2949166173830378 2.2949166173830378 2.5168518637881747 2.5168518637881747
269 1.0279826570775907 1.0300019525252737 0.9630760370327095 0.9738525744411511
270 3.095113948529708 3.0844869864707665 0.8224813325634943 0.814960278838237
271 2.9793958620112684 3.005267650351381 0.7547163815177487 0.766949283086528
272 1.9162632315119372 1.9162459601688397 1.2679918787580569 1.2715206221700939
273 2.982283840265369 2.982283840265369 1.609028655190299 1.609028655190299
274 2.8847187043743507 2.8767619341325545 0.8935166054657959 0.900138047827801
275 1.513004667667973 1.4752709739443786 0.9202665400368395 0.9011409584696314
276 1.8237496883577433 1.8473486085996886 1.869579930791932 1.922054231290072
277 1.5635338207545633 1.6015235761131237 2.364677020742756 2.3415400727429168
278 2.0711098134634556 2.069769217053259 1.4123112333779146 1.4245263074922907
279 2.93373373669426 2.9044088031324464 1.4690108861994484 1.4827663460119898
280 2.4988537468218577 2.4910997560576487 0.6980196471009508 0.6995688427576907
281 2.3993961397627994 2.3993961397627994 1.5976150548223726 1.5976150548223726
282 2.175082236555498 2.07423409919621 1.4548663065905652 1.4445407395766237
283 0.7999532338195805 0.7631439595916094 0.386647158338785 0.40586927132883993
284 0.48816705932269167 0.48816705932269167 1.8687577262464925 1.8687577262464925
285 2.7053736115601383 2.7097239741572356 1.0869170544269002 1.0728452956551073
286 2.674001429195996 2.663041276394791 1.4408218443551832 1.4476595954275415
287 2.1835660152767535 2.1803700621882522 1.1674660392264857 1.1678738541787919
288 2.1537457148108894 2.166166625775041 0.7535637280153338 0.7551256463953626
289 2.1473918421025857 2.1485878523188364 1.0037964406956565 0.9847202198134125
290 2.0878135027097944 2.086743002338572 0.579149937553398 0.5972008766009503
291 2.30315678192544 2.2954480587002983 1.3413776196116338 1.3376680703547663
292 2.2812617626108938 2.8882008447449854 1.2740486004976592 2.0177314119802996
293 3.0494084444916654 3.052856050520016 1.0225988360192821 1.0212653443159718
294 1.791117511145948 1.7908263205969221 1.4014696562989273 1.3981767732033847
295 1.886123391439281 1.8651211508201262 0.46450447141493917 0.4680116723685016
296 0.868860297772101 0.8579853979924231 1.7756452073143363 1.7709611304621342
297 2.016507800951848 2.034937592561352 1.3013465054459956 1.286299304410053
298 1.9051579007263442 1.8858043269085434 1.9656528064956238 1.957307453320794
299 2.9841318165645405 2.9809984775407403 2.1967733339339794 2.1860444998283155
300 0.6142481393239402 0.6259874111355952 0.6730446843079583 0.6798083613763606
301 0.06085578822818495 0.05132556375665755 0.07623142256529769 0.0817380289325908
302 2.636301857254488 2.8039982740309535 0.3173470824973486 0.06546176272859645
303 0.42102614753044865 0.36987413054672014 0.20549750583140322 0.21585144548923935
304 2.9354454752574424 2.9380612120655765 2.5852797629366697 2.5731679056345826
305 2.8297625724119313 2.828233031299374 2.958214735474448 2.9561660304213317
306 2.2065296876418174 2.185142234641249 1.9492587573765436 1.9384788545993716
307 3.1309078227991196 3.135895778302141 1.7172618166130866 1.7118123008150274
308 1.2548879764341176 1.270975592420165 3.356832419384688 3.39266077004682
309 1.9207423478933336 1.6283326652979773 3.1669161321029446 2.829601256908318
310 1.6205998583454315 1.5642949276540548 3.688499338513361 3.752094222732463
311 3.1328621050230905 3.1411951715440423 2.8939290161355293 2.912378008760809
312 1.5140115437497232 1.5162092190432055 0.6571339836160274 0.6635952583534268
313 3.0870296914961233 3.0864141343383946 0.46861569188700897 0.46483122771523067
314 1.7749584123448763 1.7812233396243657 2.609212220255997 2.613594991602849
315 0.24005451277443848 0.23283463229929574 0.5049002517616699 0.5010828544454168
316 0.19132463082582876 0.002246941704745502 0.11445105081645639 0.004934460327358051
317 3.133332661241874 3.135381701978082 0.3652077975179209 0.3620409772819124
318 2.3771295694653496 2.3568635756640233 0.5858118455203152 0.5763200033849631
319 3.1115663145873205 3.1166061472428157 0.4705950828686622 0.49127604160875377
320 0.9758044387849053 0.9589731441483447 1.4775517081915832 1.4888844952766298
321 0.05157627219259886 0.04960791744206575 0.13041205870754474 0.08360107447282845
322 1.532488803297011 1.5318754391951581 1.8226026833018858 1.828732085527034
323 2.503427691355229 2.499194545165221 1.0033074276434482 0.9835340118934087
324 1.7945130678353594 1.7849018549414226 0.4485437606062259 0.45715418852190437
325 1.2449180542390568 0.006381302083487407 2.207888256501975 0.0068774038877965045
326 2.261372511928192 2.313107050938733 0.6128054394938875 0.6460844531803043
327 2.9770129823673597 2.970691244807577 1.1111681347259412 1.113355159979061
328 3.001617543022502 3.0253230823701176 0.4753188281052488 0.4647006185281331
329 1.6084930103006743 1.598557616242989 1.3704146701144115 1.3672715514760356
330 2.0699113362735164 2.0931133595522953 0.27222984879240353 0.26571066886331035
331 0.9162868403882367 0.9150348803384121 0.01751015241218868 0.007714586470059326
332 2.8619491400168435 3.0979365711768367 0.35785649123328933 0.3388631316403058
333 0.12613494098134673 0.011568347593839508 0.151556190437483 0.10152472372193948
334 0.9974277456772676 1.0357742799544414 0.3144361445007915 0.31136131535906447
335 2.612290832078967 2.62282318888524 1.004811521611745 0.9924883390508187
336 0.44030385997871974 0.4216015646681403 0.2822764754545006 0.2509518243104977
337 1.9924435374673928 1.9667665877678604 0.77671383875483 0.7923811604715472
338 2.768528533437135 2.782556852524591 0.601214260359573 0.6016097357166683
339 1.102324718302183 1.0690453918532643 1.521251292192071 1.494613524919275
340 0.3676192635641899 0.3474222929620877 0.82238847632546 0.7929502734626466
341 2.878193959494091 2.94660199692884 0.10528527269865653 0.12598866165721542
342 1.902235271431015 1.8884999378279774 2.733894420486285 2.719694252324973
343 2.3400571214703527 2.331466965971885 1.8975259623794045 1.897699012593844
344 1.8582327680486226 1.8624134227601707 1.3788483728204757 1.381520567473352
345 1.9273563057316496 1.9863287582446014 2.1924193239979806 2.2197192156356604
346 0.2232276775181608 0.14384293026089726 0.01841930057263991 0.020346729266875595
347 2.0921515400348385 2.116560341182329 1.8959431196640935 1.923391449765552
348 0.4085237923066704 0.4004909426526362 0.48888754875356044 0.4718028849482598
349 2.6190135569954225 2.6315229152922748 1.22739119988578 1.2163566870475788
350 2.709820350397982 2.6979708697580995 2.46338054296459 2.465849617268581
351 3.11347745834412 3.1318436731072405 3.004527520751371 3.0242600859514708
352 2.888080874192923 2.906773379748387 0.3267111524665979 0.32818597497143037
353 1.6386361842079074 1.637996189192762 0.34351140840864297 0.3442861161059857
354 0.266621892870409 0.27186807298330373 0.6346152511112947 0.6300610035940193
355 1.4382552141959717 1.4357377156113462 1.1532718800228245 1.1418079677469712
356 3.1288049310148667 3.1263890972017427 2.251930841360787 2.243413011673036
357 1.814793711660935 1.8073984361011177 0.1418046771143116 0.14476712697317015
358 2.672150018543156 2.756717746280559 3.2081128524918237 3.2498677051846157
359 2.4309655422711143 2.424678233038957 1.7330412513139004 1.7340527132376997
360 2.803551052674237 2.8096728039534646 0.6262029539755971 0.6356862618511196
361 1.5556454551319772 1.527608824162053 1.2221487764388643 1.160989891606003
362 1.995129487669033 2.0048550352952295 0.3261945810514861 0.32305519665352184
363 2.6885188725953153 2.692486905481179 0.9953944503533412 0.9968914621843281
364 2.5255956517839824 2.531005010228676 2.432777231568894 2.519512184969147
365 0.9889866661397089 0.9941967633975323 0.6041852738968829 0.614310318917922
366 3.022335133168677 3.0614945382673646 1.280075112722977 1.3695030032594289
367 1.6137673312010612 1.2621157948746269 0.5739298897499995 0.20952363212655428
368 1.1208372544584215 1.1199420705511853 2.2076771571081393 2.219307545933961
369 2.7787624096862777 2.781921170195499 0.6415710356265095 0.7067553765898971
370 2.4131102188069686 2.404838013583012 1.389064514035327 1.4121280151816977
371 2.2598189698059428 2.2593490859524437 0.2972675747055198 0.2557734910752901
372 3.1103547658840176 3.0957365157048975 0.6695586527138911 0.6776833321773582
373 0.41022994680510255 0.4080357592790684 1.653084187097977 1.6550059330111284
374 2.9407218980167578 2.944500874148685 1.7091732715917933 1.687221732925978
375 2.245453110277873 2.2769535424496596 0.8390211372112015 0.8525708971354938
376 3.1168075918093443 3.1162063722505144 0.8975999387010001 0.8847242145709754
377 2.3969079632067722 2.408439990497109 1.4451849332688704 1.4488076819266937
378 0.46124709594673435 0.3999023963675886 1.1912056541074818 1.153449167832126
379 2.890459821237438 2.9115964233976173 0.28234200516287306 0.2821167221315052
380 1.7390611489077854 1.7965697471656732 0.9448373732460814 0.951245235138348
381 2.1485419883783137 2.159399521909653 1.8616999599314088 1.8540573101087727
382 1.9406702739642747 1.9406702739642747 2.3062965983765555 2.3062965983765555
383 2.185343500518733 2.185343500518733 2.1517227485057733 2.1517227485057733
384 2.9280915664969505 2.9161868409889755 1.0732632475620898 1.0684485500621361
385 3.024869025869052 3.0799402538958947 0.6947278861661006 0.7033199720731154
386 2.0604274909910294 2.080833300570457 1.6810144519838859 1.6736466342789311
387 0.7937485372496633 0.7909618347432124 0.6464061103500848 0.6430931238712052
388 1.517802850986429 1.5313377517308497 1.8231124482751195 1.7869390886443504
389 2.535886985147581 2.533742656904202 0.7616849203972111 0.7664201453118314
390 2.0538351002578317 2.0612309254935073 1.5473415425951056 1.5616436677881451
391 1.6690525592502392 1.6799228959229144 0.8288104677374821 0.8283812690428711
392 0.39264572877274906 0.3773758375216802 1.3079148671798106 1.29823027411835
393 1.7633358135199968 1.7820989373441631 1.3825159442760395 1.401206758580311
394 2.6080516910935314 2.61082629946314 1.262998474866667 1.2719351266396814
395 2.9606444135791494 2.9575802211379414 0.7269605468950238 0.7283754366504991
396 2.7888373726003532 2.792417897919447 1.3454006973512134 1.3370658936135382
397 1.6847675169466059 1.688096094425693 2.111499201484004 2.113461938362197
398 3.0941013036204152 3.0966365075386575 2.0342124714581824 2.0282848177266346
399 2.1445186750242535 2.134383174114407 0.7311658560801456 0.7295531418006632
400 2.047076995753234 2.1081795153451917 1.7236223480972968 1.73573858971087
401 2.6140870059970926 2.5660084446745235 1.3427635251389574 1.3192681747377102
402 2.8185389340554345 2.8185389340554345 2.604493790610713 2.604493790610713
403 2.311004410433717 2.3103881245004 0.6808402887773357 0.6690160435351118
404 1.8312265036099098 1.807239478604642 1.8689550707512637 1.8573159657969336
405 2.101278447934987 2.118605788308634 2.047297408058878 2.066283602470519
406 1.3515728684178145 1.3388789043221407 1.2167504472990178 1.21512504343119
407 2.1946449365833103 2.1946449365833103 1.740823893994122 1.740823893994122
408 1.1605533252081968 1.1583831719996829 1.7460457367560405 1.7480834476998028
409 2.8550892529490683 2.8662726605566418 0.8740246613801712 0.8464777250504769
410 2.9892883913289494 3.037216772791302 1.5454895718883583 1.500140347703439
411 0.9018812983783308 0.8981749380935508 0.986089023006446 0.9905358195542991
412 2.64804975265304 2.6511852035987533 1.815940321982522 1.8180166120354042
413 1.3401548488189707 1.359336354317326 0.7378359289662076 0.749263096720388
414 1.7453914783732503 1.7360734289376414 0.5935834604993064 0.586139298148408
415 1.6539184419794326 1.6432387022250625 1.1314506418429662 1.1158132033160582
416 0.4690531606909363 0.45191542399405527 1.917506068330094 1.8891923012439547
417 2.9852156130846135 2.9854516759038847 1.1714547553354604 1.1594379008469626
418 2.9229135357982017 2.94408847341107 3.072883315974062 3.1194911330538138
419 2.0805144568974914 2.125576677489406 0.98171702783773 0.9812879726396647
420 3.1097133474870615 3.1057893446627745 1.909978981358956 1.9142880891724459
421 1.8295531287919695 1.850856843211904 1.3910594782242425 1.3966851960684694
422 0.9624710362471112 0.9701957512176064 1.6200553749865259 1.6056028359028847
423 2.791171825577991 2.8096678875705483 2.1065391014451293 2.1073213633629697
424 2.978700842662721 2.9885733034631783 0.5512615435892948 0.5384223615623859
425 2.571909634703404 2.6037625281305243 1.6963357321230434 1.6752358426567433
426 2.862669313497487 2.862320882734641 1.46453393877503 1.4545852407348845
427 3.1399648147116896 3.1396881039015554 1.1879439336837005 1.211250101821765
428 2.7475001790313986 2.743603888354578 0.9292309550855632 0.9403492842539595
429 2.5505789421060734 2.502969778811229 1.5483956758283839 1.4638407506152993
430 2.57059720188056 2.578429230493472 1.4221600759620947 1.4240539747758048
431 1.8133451893133494 1.796932742982293 2.1984317491393863 2.15369013159204
432 1.416274960941211 1.4497808277618625 1.9024451437028844 1.8771944063282275
433 0.995931942814825 1.004735099889441 1.5927169702002655 1.5948123731959407
434 0.7598817652827983 0.6782247542920145 1.4371523630653806 1.4397979726451142
435 2.7415717823771 2.7399023689721496 0.8100259438819116 0.8179475541962574
436 3.0833214914930336 3.1096648315774207 0.7289371849120428 0.7334019166601411
437 2.6622789407973766 2.6298077570276788 2.005008940718962 1.9951348884096112
438 1.198746254986717 1.2074620499778403 1.0741810114505441 1.0685427223225021
439 0.9011015239481647 0.8375751580406281 2.4603334382850144 2.492487930876118
440 0.45035446501899046 0.4388955629132616 2.744168432368296 2.744662587370283
441 3.0132752140251564 3.0306148502001875 0.7101294942043277 0.7092942249479118
442 1.9113354548449872 1.9113354548449872 1.854896008983394 1.854896008983394
443 2.6238851444515925 2.6238851444515925 1.9227614010823246 1.9227614010823246
444 3.0653747483115095 3.0152638812681136 1.1786831009278316 1.187035027831817
445 2.3757922033444014 2.3757922033444014 1.8937898729738436 1.8937898729738436
446 2.9814509530032125 2.9754065670670515 1.670221785623936 1.6738777669485643
447 1.959996706511061 1.9395587072567664 2.6222515083319946 2.6382758635021624
448 2.2568126863385145 2.2825909104386013 1.1000188986100163 1.1037359877771205
449 3.0897435754243863 3.106120850349436 3.006617496949319 2.998693108091824
450 3.113423270042913 3.115307573897307 0.7404032275327291 0.7401342701266864
451 0.924439716619278 0.9241880854257434 0.7688328855327359 0.7830047369895011
452 1.8528900135334836 1.8479656266382467 1.3459621716480958 1.3439846950038374
453 2.2542612907178925 2.2519473696482124 1.353004989620634 1.3572180206541768
454 2.2194303691560533 2.2192903664453034 0.8195067006556429 0.8169558361948489
455 1.2756078878398895 1.4254369873868602 1.3359428329461145 1.1838463997134505
456 1.8688625616209005 1.8710532063649985 0.8890601000272728 0.8816180474683271
457 1.322524648016022 1.3412470146088904 2.1157038392881464 2.165866382381489
458 3.0191816875778343 3.0232995755996663 0.37520794902498544 0.37193487001629233
459 2.819996225528841 2.8264013042083405 1.2422597266190574 1.2402036799085563
460 2.510864457272412 2.5007114189320374 0.7569672068890493 0.7591776326323015
461 2.952509235302467 2.9615550781283093 0.6809521022103182 0.6558224588093031
462 1.8055561496013375 1.8073364481477676 0.6451676971924666 0.6390115062363069
463 1.7499965454496622 1.715187569005055 1.8254295691734699 1.8073426607911045
464 3.1096974236784702 3.116085068216179 2.285995063767189 2.282750575217563
465 2.168505233769364 2.183646474657569 1.1339985187770794 1.1646468534804113
466 2.617085385859284 2.5857565195465604 1.6648777645152646 1.6390539847832024
467 2.9814665649584806 2.9795918803921397 0.23680512077413357 0.23832047329053463
468 1.3988578750695644 1.428656209468349 0.4471480873703275 0.43897422563219607
469 2.0234270760628905 2.02206943474144 0.7431801393191789 0.7460989179998258
470 1.876863727617939 1.8551850055380248 0.5708811349354183 0.5641867688416541
471 3.0147972071951714 3.01450812693835 1.6973699678222998 1.6915075203900045
472 3.0309950556207905 3.0310795667038244 3.3605913310085156 3.3598113265038814
473 2.28463981330184 2.2862536549743484 0.9871918832359705 0.9839911555894874
474 2.7448733845517745 2.719152144260351 2.20501034888888 2.2313191308665234
475 1.5039484602294675 1.504899332074363 0.8043822672562119 0.7967107752638896
476 2.8136053768413434 2.8239037459265024 1.6225874451190296 1.6248381057938397
477 3.01869934270328 3.0495750464822087 2.9333280119109215 2.9651971625533213
478 2.627506108908427 2.627506108908427 3.588414516744391 3.588414516744391
479 2.4913798599736414 2.4913798599736414 2.3385233179920943 2.3385233179920943
480 2.9811675890508216 2.97494109188405 0.868960628402589 0.8640497481190099
481 3.137524121430615 3.1392535853590906 2.434371457831601 2.4296396039086576
482 2.3760160386238405 2.4244546883209224 3.671684188030276 3.679216847540514
483 1.5473264816941603 1.5473264816941603 4.863066731514016 4.863066731514016
484 0.4871431505428759 0.47193377595754626 0.49340650611571635 0.4781312171557951
485 2.539660815735987 2.517243326670697 2.044808579782628 2.053686853952619
486 2.2186653906438036 2.206060253396998 2.0699895374813297 2.0795823007025467
487 1.656118344285931 1.7097639739841557 0.9526355401269632 0.9606121562541327
488 1.8428222846508384 1.843314179444886 0.5095575516741058 0.5134760705564397
489 1.7131371255070995 1.696484137451897 1.8053651186740165 1.8078873950672127
490 3.0840964660240466 3.1283065822029883 2.5397689054365857 2.523289876652061
491 1.883159360182833 2.014596608110299 2.7521378774089276 2.7403738554033703
492 3.064334460549742 3.0739077081588926 0.3138801140494864 0.32537433087297646
493 3.079400550937298 3.092056667439482 3.026333562787122 3.0310020851094626
494 2.516547223275113 2.547564209932213 1.7337997420818905 1.8338015291654126
495 3.011659638785936 2.9992651970007014 1.6813417034424765 1.6858476762658243
496 0.15742755498447297 0.12937650323667066 0.5849530144314897 0.5459993051369324
497 2.763174835948507 2.7495323244920287 0.428168133921966 0.43966813059399834
498 2.765575523952877 2.7903628082916687 1.9261323557777439 1.8591721655206639
499 3.0119776407308985 3.0097452091462955 0.48993229618250267 0.49674185291827855
500 2.890112316861355 2.861526233626361 0.8127879803619449 0.8120696061274953
501 2.3998667622778127 2.4142638912608896 0.2990270969254385 0.3068878618691801
502 1.8186843647427915 1.7592853477466404 0.9651455726843332 0.9666422420418992
503 1.5357529084495307 1.5195330476190079 1.3490655069995818 1.3264158267607167
504 2.8847369327773458 2.884176702189165 1.0354661796619735 1.0421176292872998
505 1.8319753906510392 1.8335013269354794 1.3986055846363983 1.3961946327986363
506 3.0659468530781044 3.073194211034831 0.7067342988983286 0.7027428971056474
507 1.2503653646919572 1.252468655565873 0.9904185675989684 0.9938203762087627
508 2.437283424042217 2.4938466719643997 1.3167881550618987 1.3600054684718286
509 2.784205591581914 2.7968331480373836 1.5861275503099357 1.5875897277688156
510 2.907220957296832 2.9045309016358787 1.8994771596070394 1.89784840875592
511 2.2738058867479456 2.3196974057093556 1.6746044375743177 1.6735127968003767
512 2.350829394077736 2.3746733929579054 1.9569399517536596 1.9462327588052302
513 3.059073647049124 3.0666405977949753 0.6341379537145849 0.6273235547966223
514 3.0483753044347734 3.0431431326662834 0.6835589400325643 0.6828435954390569
515 0.7782454877740529 0.7460654244606512 0.844549359666629 0.8434027496535934
516 1.5382931065120447 1.547822492654811 0.8908550493909387 0.8782987961672484
517 2.690849451324209 2.6831262389325925 1.0366934472439446 1.0555011471046045
518 1.250193854051379 1.2462513591205993 0.8448482996791457 0.8404485128132106
519 3.040393249349694 3.030977280857625 0.6882487820961046 0.7083622880887485
520 1.1652439091645899 1.1574502535405797 2.861987999655801 2.864155899781617
521 2.972391513206432 2.973846940450737 0.8261255182427805 0.8371958195821106
522 2.970849107806072 2.974248821616209 0.4357825259698345 0.4223848019761019
523 1.8505851082372862 1.8362592474813886 0.6683892431233851 0.6938444627104047
524 2.7765509647830173 2.7761150557444876 0.8672546167307069 0.8523876970065332
525 1.9319313173156896 1.896942352513132 1.1085017490635156 1.1071810791744614
526 2.9162617222920497 2.923372366762549 0.3255097616588423 0.31460076900051664
527 2.1691751214166137 2.1466585326016885 0.32756610516050294 0.3138343529605615
528 2.7891998195428167 2.7918869044909544 1.9908563362577651 2.007274170032201
529 2.9239524309377782 2.9239524309377782 3.3608202937550056 3.3608202937550056
530 1.9071188948710822 1.9096977666868011 1.7784046224980583 1.7753062366730286
531 2.0201195077272804 2.0201195077272804 1.8792692739716657 1.8792692739716657
532 2.998998209863926 2.9975828630975943 0.529135316904832 0.5147973691532716
533 0.622897731972112 0.572840748696523 0.19528227803477083 0.19979320004575432
534 0.7028914952503111 0.6739740130248205 3.101711200740029 3.094184192296319
535 2.605469778298886 2.627080829396389 0.5340983755564315 0.532246269880591
536 1.8134783608568628 1.941913418724332 0.9701576716927549 1.031256430158886
537 0.7637552249311638 0.708026260233892 0.45785728251622143 0.44838947302092147
538 2.5948806274932643 2.615897868529436 2.088571475515904 2.075428270160571
539 2.7715794675671415 2.8057665807577057 0.9724829318132187 0.9570046889432892
540 1.1162123320444408 0.9666427930571952 1.0207952370030284 1.0197371919317373
541 2.223630657211449 2.203584381312446 1.4240901961101093 1.4315550376054056
542 1.5278678672552926 1.6231203456656471 0.19874233339721142 0.17339816624771748
543 1.159388039995607 1.0633163971873543 1.6309485237685752 1.637381075627872
544 1.137693733756008 1.1207495841131123 1.9495451262987462 1.9299359559333353
545 2.6892299632310817 2.6932528818296544 0.6673538926737497 0.66821133244241
546 2.6674248587944622 2.6777907153801483 0.7038590769305143 0.7061817954993955
547 2.985921541604391 2.985921541604391 2.241433890439474 2.241433890439474
548 3.1236284743794 3.1187977879960695 0.423330362176335 0.4345922028672734
549 1.4539900892394968 1.4664952186276974 1.2765179538271563 1.275709628818102
550 3.1379472014329552 3.1212289119317242 1.5351907319087206 1.5385330231408838
551 3.020695489599292 3.0064834524387947 0.3855998355779935 0.37533091551296816
552 3.060404517530543 3.1355220013162257 1.5918860289329668 1.6219494311244298
553 2.1891379704211062 2.130999364952951 0.578303050652757 0.5710729133232918
554 1.4880434951075168 1.505696375171191 0.5585092278911755 0.5488883062469365
555 3.110589753853631 3.052509442574821 1.0601740331708331 1.058312804125215
556 2.924060490144554 2.924060490144554 1.7330828738755446 1.7330828738755446
557 3.0419932419063374 3.056543705829307 0.8340422620178538 0.8245952362663146
558 3.007200222881154 3.0466043591580365 0.40297545057650963 0.45481897906964647
559 3.073840822275621 3.0530945857095984 0.3390572315717796 0.3324080191080412
560 0.36612427624720534 0.5095693616607966 0.8142577657809753 0.8077396502911859
561 0.29528500254500445 0.28241373321718966 0.24075151013258586 0.21175073036587008
562 0.7301470493627406 0.7344132429527467 0.9320230242073557 0.9204379648172759
563 1.0761252285892229 1.0984508219152753 0.7018036988690968 0.7191326240798454
564 2.363541693553272 2.2813469140076115 1.0525360886135722 1.0457588944193288
565 0.23452417563455175 0.20841707775126583 0.4975918597000436 0.5074425765581665
566 2.7656034325870267 2.7512632332790674 0.7718826118270316 0.7560112635568446
567 2.689882412577813 2.694199017812054 1.8806390072848769 1.8717645331732315
568 2.2429574264188896 2.25600911271744 0.3088285996370115 0.3174079465608826
569 3.0898641484319365 3.0786403813438565 0.3105579800367109 0.290527795253116
570 0.45331206533460994 0.06420369221549188 0.8110182319174684 0.15711563715973154
571 2.7563349592708524 2.9765757841165006 0.18164110322672294 0.20781235438949497
572 1.7688256119306516 1.7723109331097473 1.9139339247549496 1.9373571871011523
573 0.4004248186042026 0.2365091810450352 0.3777795728441096 0.3065951951931575
574 2.986990619069706 2.9859342226426944 0.5897787575125438 0.6105792869789181
575 2.298932478297581 2.3355734568425732 0.6311787076498901 0.6154500383249051
576 2.9992000955345004 3.01904425171395 0.8520000377328985 0.8630296260773135
577 2.968981759253536 2.9527724985514863 1.355609801835143 1.3680387403229932
578 2.684889195317967 2.6775574518476075 0.7274239701390565 0.6869158480381502
579 0.17227556827344923 0.13928350269101675 0.14760772923821752 0.15171296668745854
580 0.3117323887327165 0.30082089731458006 0.5677067777838829 0.5541021519849364
581 2.9659711196761123 2.9707116508702756 1.2398635635019057 1.2470977619199644
582 2.9383900606669524 2.943524947827246 0.16052930839174145 0.16448103379842413
583 2.9310796027888726 2.930927427432611 0.5735121704244934 0.5694154210728183
584 2.3262135868537452 2.302432735476738 0.4462632590031922 0.4511503900354207
585 3.0686336140948596 3.100685169922741 1.243280251507236 1.1042831880563986
586 0.9568395806193555 0.9866305564503058 0.17873650524423507 0.18041642316682507
587 2.5408871311325423 2.556854009676519 0.6575292290162928 0.6674838364858325
588 3.03035359359919 3.125304951513422 0.5886765340459141 0.42819046212649936
589 2.2080178360035942 2.2270364098344104 2.861675366301435 2.8684202414059277
590 0.492534028579341 0.4443720293317393 0.6250170865166758 0.6297873150890266
591 2.4084482193243275 2.3905691922245804 0.5603159110185881 0.580943743071622
592 2.457334026808125 2.4057003642857833 0.41005379800934094 0.40243606943025145
593 0.6659438843382914 0.6476750351736666 0.9559830766330639 0.895692059428559
594 2.8211080573850307 2.8211352167800396 1.0321069929183515 1.0163360494066473
595 0.2625782560813032 0.2481566493918559 0.4254862693061827 0.40752020024358965
596 1.8732015023326596 1.859136345732697 1.2626203071481819 1.228737213957565
597 1.9702681185629514 1.976822388909236 1.2731651311090635 1.2831784039996543
598 0.6290680009899076 0.5447271545875921 0.6261479067614887 0.5758459197138498
599 3.0664007292370385 3.045048459383067 0.7587916893210167 0.7645226794620729
600 2.6762159366801272 2.6762159366801272 2.7660345453214377 2.7660345453214377
601 0.03363044627802742 0.02340632127141736 1.616071744818952 1.621593821865661
602 1.21550958074962 1.2203891651708416 2.571993732989243 2.558993913367223
603 2.2755979541354536 2.2755979541354536 3.8330517379630598 3.8330517379630598
604 1.9611309114883044 1.9611309114883044 3.4747211626275303 3.4747211626275303
605 2.7426481718739875 2.794253092233737 2.2015900473911416 2.2055175093515844
606 2.7951482301372392 2.7894025337114834 1.5112341769249222 1.5186216903382959
607 0.6364421831931634 0.622669369846605 1.0863405449225918 1.0856763743767057
608 1.9495375176949803 1.9506629642442639 1.9949610499551729 1.9917513682887078
609 2.8416255889373856 2.8430158640738608 0.7436477516160102 0.7368562404274631
610 2.4079708054992306 2.365388412067959 1.6057910268318354 1.64129096528666
611 1.5730193497392235 1.5522266578908186 1.6531762456591839 1.6669088804581675
612 0.6515587661084986 0.36428056320454594 0.20271400596644953 0.09822009971905638
613 1.3816364518996276 1.3639189858926855 1.699461154752477 1.703172195143743
614 1.7068032242184068 1.739444090820647 1.5197900116645169 1.5315995143651753
615 2.8708672124012247 2.880814625151193 2.638073244884138 2.6459313762973626
616 2.040262992113987 2.061296633485497 0.2557268725160934 0.2833490102347687
617 1.5374448614997802 1.571410052502676 1.9076953348699348 1.9206009311303809
618 2.611566555298542 2.5918175833274577 1.2592469479674164 1.2511551554967812
619 2.229480996734794 2.1979478666799888 0.7916089942378901 0.7936584672030786
620 3.1217211421055855 3.1231419326004533 0.7694842854038075 0.7496010989079912
621 2.982943584931018 2.997958974707284 1.4895620367969038 1.4813664778299385
622 3.141212300396045 3.13939712163084 0.6974033450655517 0.6898594860020282
623 2.639966044009358 2.639966044009358 2.2575642104737264 2.2575642104737264
624 2.601409927763733 2.596421036111355 0.7894913833938056 0.7825721219601441
625 2.9263228997048483 2.9431167305336636 1.3811243523577337 1.3802112597646459
626 1.8931948660361373 1.8928515456910753 0.5145550940963856 0.522035308104384
627 1.4426299502945694 1.430268552340632 2.462504029889343 2.474286132159567
628 1.3256741985171951 1.3256741985171951 2.9621836118955986 2.9621836118955986
629 2.431600236650083 2.4702377802626057 2.240718586795984 2.19825169343179
630 2.991497980078218 2.972935017868835 1.4690485199250611 1.4347361692984055
631 2.567712221358234 2.5761153186277936 2.2850776867288642 2.2834826839758446
632 2.066058800725063 2.0280023763464485 2.2440013426477607 2.167042676385771
633 0.3815887600470196 0.3093811775767759 3.041192866513667 3.048464414159704
634 1.1156395144549796 1.1156395144549796 2.719096712923145 2.719096712923145
635 3.0069205033937516 2.9970727773846972 1.5728625399993061 1.6188534747130783
636 1.97686129059542 1.9857492238047136 1.1647465278416034 1.174911654060483
637 2.1054060531535894 2.1220976101219016 1.4665458583059294 1.4603172431736786
638 1.4735149175354638 1.5055173552807894 1.7120796999591943 1.77629989331042
639 2.34138799747014 3.075457495091961 1.0125763845161506 1.3866291103505899
640 3.122805189771889 3.1135225025067066 1.0328208043675053 1.028391815226662
641 2.763562958823765 2.763217042568722 0.6592827150469194 0.6465668598171211
642 2.8302442826590903 2.8438666266304766 0.41104142825117634 0.4077379776401752
643 2.8048080949357135 2.8057558786668424 1.747763596405652 1.7508794530802418
644 2.2523074750084153 2.2364468855763295 1.9758418916627667 1.9961454010010864
645 2.5343132334846374 2.5458073905453835 2.2614919009289856 2.2517202550369166
646 1.9729187240609882 1.9790670945681548 0.7774778267651871 0.764818366885628
647 1.8554825293903539 1.8554825293903539 1.730206397275916 1.730206397275916
648 2.4017462466616757 2.3776493735996747 1.7152585894515864 1.6880442570164536
649 2.7021311368909147 2.7102809800697836 1.7137027762613495 1.7272151699430596
650 2.4549145051349828 2.4453788388962683 1.2645757266568745 1.2454041103254878
651 2.6517714538970196 2.6662568583048936 2.20197180607453 2.215740948995188
652 0.9135567793867921 0.9001887727022706 1.01755144777924 1.0096795799888338
653 2.9134411674506233 2.8925749067036235 0.289746912323801 0.2938132626830277
654 2.800300093969575 2.788809002753813 0.37949893870623974 0.3893820145014688
655 2.564331540461333 2.550757290401141 1.3728306791861298 1.3717589338138245
656 2.861824677535909 2.8423858409158247 0.9312042055326601 0.9175321451335625
657 2.80058382579547 2.8093925673880884 1.3240646180444657 1.3499190606580276
658 3.0384282865970946 3.0314557769247954 1.4304533202965068 1.4046448302258256
659 2.9776310237849493 3.134041637794068 2.388639403883054 2.513562580640796
660 3.0828301625176184 3.100502683202296 0.9815238944839498 0.9624560213051916
661 2.680827524113127 2.67914230308444 0.8040868373073438 0.8008163275277894
662 1.3117711965796715 1.287862011377978 2.0295110990851333 2.0354024422302053
663 2.090142860549093 2.110582665843968 2.1453022518477933 2.1333319707867995
664 2.2565268959702296 2.252288788158808 1.8787672914746145 1.8753618783104309
665 1.6784858559013502 1.6402574141262114 2.088614557422921 2.070600397716992
666 2.3292911885096212 2.3237215262039905 0.4698557719749554 0.4717907666050128
667 1.340608149616682 1.3331517344477966 1.0885748090666838 1.068732303648029
668 1.2238995527901373 1.2265468280419494 0.24749687222092304 0.24705699456695204
669 3.0268705656812442 2.9922975695935974 2.193071679395328 2.2058793716748197
670 2.898668195976625 2.921384733499097 0.4619886549017226 0.46889959677032705
671 1.8583763632352692 1.8491491577379613 1.01523577514338 1.0170045830207484
672 1.9945566007900806 1.9965493244056476 1.2722839948048554 1.267657279193433
673 3.066308022429111 3.0710429806298083 1.7580579862859262 1.729300343414661
674 2.1252350732534957 2.153889399219585 2.452905253481501 2.463064679277218
675 3.130779395611831 3.1331406227906893 0.6371109421581674 0.6375218842739142
676 3.0832595481285927 3.0793360116704256 1.6224091277788018 1.6479159580973808
677 2.8638176638790727 2.8610730655339385 0.28840179915767894 0.2960524695849517
678 2.95492087425186 2.960227248521424 0.9915476949366658 1.0040196071048924
679 3.115894938989237 3.111025817644064 0.4561918636669031 0.44712458677247735
680 3.0060071780706177 2.9975116848838375 0.731785169160769 0.7284461364845901
681 3.067856267895692 3.0514586046535612 0.8008414570600895 0.8025274183194993
682 0.6803743615824622 0.6015476595756999 2.1479839439060235 2.1522796113180167
683 0.9254189272757795 0.9270601512443836 1.666517450172042 1.6786509776479324
684 2.78969813212251 2.780708262776592 0.870572593762694 0.8696081711909469
685 2.9177005115859966 2.9098414052000785 1.8527614970468382 1.8517938877511535
686 3.056398035353525 3.0570581550940727 0.3373648089164619 0.3388761584600375
687 1.873792169241649 1.9425439473095898 1.8465955918371428 1.8573958590288482
688 2.1448442173297027 2.190581676495907 2.2244332507512232 2.2185604582578953
689 3.0127641839919175 3.036272639021766 1.1398286514936815 1.1324408905143843
690 1.1983152207892174 0.9955223891107394 1.0804626275774276 1.0424338379337952
691 0.17426908827380136 0.2239707785701989 0.41064338285693536 0.45090799124834086
692 2.002242158087966 2.0015632563485486 1.4612469844282756 1.4566667550847976
693 2.2835417863136724 2.22824438839961 1.3792930047882948 1.4020138112595866
694 2.673637311983944 2.6697758738661372 0.4091547984214151 0.40610785917515907
695 2.4570387267126854 2.434112126041116 2.948136122955928 2.9466035394855004
696 2.800282407260753 2.8031013957115922 0.7013645178869687 0.6879172868082969
697 2.0394888081101223 2.014946952950609 0.8269773197593355 0.8202322522752631
698 2.723864450511424 2.7401021078470826 1.8661439907061197 1.880884052738218
699 3.0250717106267206 3.0178647457015373 2.274176407328179 2.2846088509834264
700 1.6940190649550033 1.7119822722824753 1.995927156175837 1.9452936819038735
701 2.4473050561144003 2.495689090201254 0.5456215875947343 0.4669899095386568
702 2.817816638768649 2.812706383683362 0.485512104841422 0.4839397000386413
703 2.2432317751296145 2.366892103702994 0.5475944112759095 0.5765222625209678
704 2.5967960082459873 2.6111164675302434 1.5700113660249393 1.5755445208960812
705 2.5861036265715347 2.56230916097631 2.6779392207264054 2.6693726679860683
706 2.3317074111197793 2.3474821366152496 2.58432317547607 2.5825788240698033
707 0.2966055240123128 0.3164489318594358 0.4561444277430079 0.4521053240423123
708 3.13599291766952 3.1297372573180597 0.9172440308667482 0.9177623786212237
709 1.4745735657956272 1.4714165558431984 1.8079076845474755 1.812930709802074
710 2.6187382882415653 2.5965158006989855 0.3810321210000554 0.37730092838467744
711 0.928252787027214 0.9541349027999538 0.7106052320519489 0.7048153359224114
712 1.2554929638508128 1.2469312987940757 0.9208635999398292 0.9087791120195248
713 0.541579094834472 0.5598566104291981 0.3652652998246901 0.37274184135363836
714 3.087653190878287 3.089292040718565 1.1884614804983127 1.1875576207625607
715 2.9356231846183287 2.9298977683896545 2.057877584075179 2.0735300595515134
716 1.7431799892965412 1.6087814747109692 0.7195490692981951 0.7066573004991027
717 2.8710585459633977 2.9360127543730354 0.5060008295744487 0.5160559491721847
718 3.1387119848276774 3.1289454345269223 0.5121300294266811 0.5139119846048177
719 2.170839336731039 2.1583003544378543 0.3347261546326139 0.32730534330261213
720 1.9810461441923608 1.9903039485451086 0.1278794202301903 0.12056057809888461
721 0.465859476744643 0.45800154451513314 0.2658333141801571 0.2668011228644817
722 1.7438256379736976 1.7577134206098852 1.0359559067408048 1.0528603749938967
723 2.7266127156522737 2.778881828941766 1.8311051880940263 1.8301650610901328
724 2.640768393288018 2.634985156425303 2.252067217357557 2.26591205318077
725 1.9667680763482827 1.8931607073942136 1.2524889105833372 1.2468168738634344
726 2.5790240575242627 2.6128674452443312 0.2956250254570252 0.3023277130138179
727 1.8045502933839304 1.7873476195958207 1.649920728679119 1.6863629218322507
728 2.8228636592433105 2.8428929397571436 2.47493281851561 2.4822323463897726
729 0.641270259211311 0.6484235348118802 0.39576014577381546 0.39185826184077466
730 3.1131292813051847 3.118919702124993 0.5121146838783822 0.5056909867674646
731 3.0800279127849186 3.079447281849656 0.3696353407546979 0.3737406863802592
732 1.9517230387237419 1.9430464943894439 0.25372368494433234 0.2529143935204061
733 0.8269370368522465 0.7375511116507029 0.07554295289534171 0.0916414656867247
734 3.089541485245096 3.095134242330268 0.5566551235109329 0.5481573270482542
735 2.823502005991072 2.832295437357849 0.2870776307557017 0.28694258342035756
736 2.578831909100928 2.5796023968547264 0.9993224367541282 0.9832558041514375
737 3.020436442609806 3.01231550567883 0.3537818418590473 0.33952411640142877
738 2.967287062121936 3.0043877318035523 0.4328238982613846 0.4800189773889106
739 1.7462109694168673 1.753060475159229 0.9545692485856928 0.9559250616531932
740 2.838327766029788 2.839531797443437 1.3208876924872743 1.3257697496543184
741 1.3524308748135678 1.3430112857297296 1.6149850946876105 1.606782407836026
742 3.03297226567742 3.0324566472818795 0.5620522263566944 0.5739727738645243
743 1.5206014972346573 1.5248318206703728 1.0490803258683035 1.054606003297167
744 2.970644073889761 2.9747003374428385 0.6814001610126804 0.6662017134854626
745 0.7103371371400091 0.7211318263514703 0.496317322439399 0.5056154387533506
746 0.9516479461450477 0.9202107928569578 1.0045200249482773 0.9805670272625621
747 3.0238206653069937 3.0701132088449246 0.12930574779663778 0.07411850351432003
748 3.137936834356928 3.1081923697047986 1.1800446303279457 1.1798324657796555
749 3.1150851664321406 3.120731039416967 0.8973427851124478 0.8793574214069575
750 2.468598302540169 2.4565223298106424 0.7945681942829865 0.8033116740655928
751 1.6470673016952413 1.6575532999410554 1.3985152979624653 1.4080085377922271
752 2.7776258543846746 2.773481127282226 2.1448484627710167 2.1507560031972695
753 2.9505419710287404 2.9235343764121797 2.8537621917923373 2.8610942866341005
754 2.760206884554406 2.778351665087214 1.4123973275785298 1.4060091808826054
755 2.5690517067394247 2.5614867451523082 1.0370153078944557 1.0358578673432417
756 1.7578592604235035 1.7644563198742664 0.7339378520301343 0.7483466662205902
757 2.6535637980648286 2.6740834164483944 0.6370436880694559 0.6458485199138309
758 3.065423790616049 3.141400237755126 1.0615851682181614 0.8957543603096422
759 3.102181477869825 3.1383009224861667 0.37069402538624324 0.3684369579493326
760 3.0747130312762097 3.1038539149827935 0.5357495753027778 0.5389923076415626
761 2.5935696507487838 2.60001764996092 0.5316358887775335 0.549514050236473
762 3.1005564759598294 3.1201511257275367 2.027929941916153 2.029637289654848
763 3.0305224584159283 3.01387075727392 1.0801911191362101 1.0654082865601173
764 3.0858142079286996 3.0683674531007634 1.5627981109518991 1.5504929500870357
765 0.8246916478225101 0.8609893347798812 1.0293687617258143 1.0268738199215433
766 0.6463173926686085 0.642463230812366 2.1454271585493516 2.135649473411889
767 0.8370150564883021 0.8370150564883021 3.0967124841341165 3.0967124841341165
768 2.7850911737286452 2.760330622972223 0.8660620765921392 0.8714804542657831
769 1.9309700896453412 1.9324291809670793 1.3276091122513138 1.3384521575570394
770 2.8287513909260333 2.7887242212102548 1.4352780162910823 1.4222089013793346
771 0.8766009428002096 0.886582897396833 1.5509673417875094 1.5493714242207328
772 1.5646789283342746 1.882669432591008 2.195002443793339 1.8940924546657476
773 2.0987552461151795 2.127163109106515 1.067530792075357 1.0921233219348185
774 1.1095873723842733 1.1095873723842733 0.9503508089527738 0.9503508089527738
775 0.2620599517954007 0.2654434931810629 1.3305618978782794 1.335535520634537
776 0.21577763375833214 0.19476639875863375 0.24414177379717492 0.2571616903548748
777 1.4834337037921828 1.49259268533906 1.2725427637119464 1.2891100457750972
778 2.400791432382595 2.4288811215472417 1.4087132469625792 1.3979854026772318
779 2.3651139767920606 2.407220033337699 2.2489089977985866 2.2552458172415575
780 2.4397426088635252 2.397103273898174 1.1078263890680387 1.0970063985136267
781 2.7617491973348836 2.7612652357185197 1.7449460651686217 1.7437080633101056
782 2.883855836391564 2.883855836391564 0.7955623946658773 0.7955623946658773
783 2.882914247007429 2.9088334406638605 0.6911545549229046 0.6809419045954022
784 2.8014521560897783 2.8014521560897783 2.199372542871413 2.199372542871413
785 1.563533593168802 1.5316557343077344 0.9669012245258104 0.9856306546042493
786 2.9207741034571226 2.9240981556134904 0.820023959809371 0.8020008701074302
787 2.090761390160522 2.0947636082809513 1.1441926472829569 1.1476745535196597
788 1.3313005153536435 1.2979736847314234 0.36439887114912745 0.3484789979197178
789 1.2782809647893172 1.2074157200599862 1.550003025254412 1.5151791086271826
790 1.2437045230174757 1.2548770656049106 1.5676373999493505 1.5787847537385638
791 2.7610239559263503 2.778773243688216 1.784446325481634 1.7737367106116058
792 0.8961330483179457 0.8685901050169821 0.6054465299351156 0.5895679229856224
793 1.12215274680654 1.12215274680654 1.7578326174390129 1.7578326174390129
794 1.7121319233202221 1.7121319233202221 1.8855775044630136 1.8855775044630136
795 1.0717074614338273 1.1307892870914653 1.921937494282768 1.938993625645509
796 1.5836621957543484 1.5819226010218004 1.2552035075986734 1.2523139733163875
797 2.2056173780691206 2.236749408791969 1.5081858102702999 1.4898214090984847
798 3.0430050593100826 3.032435995811722 1.3283718245325908 1.3401418457091736
799 2.9772232471189635 2.990148897011785 2.6210901728737004 2.614771747957873
800 2.8431728793410462 2.8431728793410462 2.2411462025057505 2.2411462025057505
801 2.453426094753403 2.4531257640759345 1.4907731896487169 1.4921058888805838
802 3.0028021122986424 3.0284120706428785 2.0037788201482543 2.017477139303551
803 2.5536696120893554 2.5723322553523866 2.171629328151733 2.174409730905818
804 2.944301495839102 2.9386794902035143 2.2037695666861596 2.2206303809750843
805 2.9367010895323147 2.9649450499390326 0.7101103599094982 0.7041777274638227
806 2.4322252395495485 2.5673559462465714 1.6127741253813714 1.5511006910857894
807 2.211894594390195 2.1882199339710295 0.8543692614260265 0.8690318492948176
808 3.078443989699033 3.075339646846947 0.88645650712982 0.8232685490865568
809 3.115345332101742 3.109605655349688 0.41417434167059264 0.42461910057254315
810 2.6858557513588908 2.6608502770299047 1.1005320469450428 1.086458881869217
811 2.9564685369405628 2.965973505111011 1.157937764702523 1.130982710094758
812 2.839146829954872 2.8533349506539265 1.2143800779411094 1.2438301517891681
813 2.693326614770203 2.699040782572318 1.2422457105059777 1.2512894253807485
814 1.1129200077053851 1.0900055917657943 1.6188285578478672 1.634766271271487
815 1.7553857382319755 1.7131589962508618 0.6955978087507374 0.7011058205696964
816 1.8738885222694324 1.8943198179185505 0.9605088465186823 0.9671016840848224
817 3.0719394033576877 3.081392418760451 1.397200110488342 1.4176863609168655
818 2.406229184420025 2.337458522802267 3.1946034761710354 3.1414487936939155
819 1.4072431646538417 1.4072431646538417 3.7431204204617967 3.7431204204617967
820 3.0403650480441584 3.051346552351602 1.1592209655496557 1.1597160874450492
821 2.5796432503086066 2.550022791271188 1.259767860613669 1.2637304193135546
822 2.4989401713311623 2.5041024633308653 1.2398844088249108 1.247455684497268
823 1.5669698436977701 1.5098154368425885 0.8252657711651008 0.8354052713755373
824 2.607681069142039 2.5801039882158894 2.496148629515057 2.501373156690539
825 2.636009292860956 2.630133368939818 2.9730170619703324 2.9671322681808476
826 1.2883064713102454 1.3004183908950342 1.3137403942000998 1.302967315006701
827 2.120291421426105 1.8488402962607535 1.172909433575328 1.1556200881278524
828 3.0091921487571867 3.0121332626873984 0.30343094470845944 0.27774607531895007
829 1.8570686192512513 1.8926605092404156 1.0831573696054468 1.08883566217486
830 2.948938597988142 2.9078180856526257 1.8963214020833166 2.0031248875656695
831 2.5872582118748695 2.587138780255562 1.4594760433801435 1.4719480518066803
832 1.9316825398992123 1.9316825398992123 2.4406509785797854 2.4406509785797854
833 2.5235908000130305 2.5235908000130305 3.0009661375018193 3.0009661375018193
834 2.9982256629089927 2.9982256629089927 1.5577072068095676 1.5577072068095676
835 2.8630220811494875 2.8630220811494875 3.17582356869779 3.17582356869779
836 2.6837825092059453 2.6837825092059453 2.0700733459864784 2.0700733459864784
837 2.6320273612078062 2.5719409922425673 2.9525074708123014 2.939933960682991
838 3.0915039274421816 3.0671159386841857 0.6528197155377777 0.6386542510615438
839 1.763743086709216 1.60603342447055 1.3647071976394436 0.9442505955856105
840 2.0838187496065603 2.0838187496065603 1.2443749060650502 1.2443749060650502
841 2.519586450448441 2.4574932823571647 0.48821020858716385 0.4986414637300669
842 2.1135682820645796 2.0735077875848758 1.2557352707055385 1.2594878290102343
843 2.6491988932435646 2.6517211614006695 0.6877597551301368 0.6886286544634683
844 2.015890337760425 2.043274560541354 2.1204381967297263 2.1742631705306685
845 2.0807933954363884 2.083695445516482 2.2923636015162083 2.2942766099335667
846 1.5030478283946056 1.6186182544792724 1.5120934956073453 1.5179199567026294
847 1.5706719014927337 1.515575419060723 1.2186744973763937 1.2113923839383511
848 2.0086194711543284 2.026242867977985 2.3651521494059313 2.374166797686444
849 1.4171197821428074 1.2889850511130863 2.658238825799361 2.6550737223902234
850 2.959996408523145 3.1411597021955084 1.6368993439626731 1.6678888044122087
851 2.0740749342075997 1.9786406432910884 0.3142469902101707 0.3072324389297953
852 1.3384982836766401 1.334294879045919 1.7922653172862888 1.7921597932161895
853 2.292104387229181 2.184467181779169 1.4496110743055117 1.7459680462170446
854 1.4373338955430144 1.4138852879336883 1.3760249682490133 1.3607877416764624
855 1.6343442644549568 1.6007966385434613 3.183244051112361 3.188824141167937
856 1.1476417357381896 1.1558426339373329 1.212703038955676 1.216009173781483
857 2.396818700020847 2.4366736039791252 2.018917154666188 2.0452309329486584
858 2.5780445185883365 2.6118159981027156 3.612986126672683 3.6175297687656087
859 0.5892374895831473 0.5896815154172418 0.9085755310962595 0.9119468896180756
860 2.501311505683446 2.5024242820385343 0.8492277912430257 0.8439910275674568
861 3.052365137557027 2.9532956358393054 2.198683313845647 2.095444036372843
862 1.9814550193027125 1.9661069018090338 1.4737235562326614 1.4661771072919654
863 2.2341513753784703 2.2261859194357805 1.1709233079295154 1.1458194990285069
864 2.155417951065224 2.3334055442245436 2.5043220972385125 2.659403184683427
865 2.7817965600352226 2.7621011124279997 1.7707115926929924 1.7610945546427819
866 2.4390443225743565 2.448255670963377 1.8207857254786997 1.8137188803701934
867 2.836884211018834 2.8120972691493336 1.4813092796403597 1.4853551280122612
868 1.692341700232664 1.6996999014541534 0.3326023601839989 0.32025038585789467
869 2.3110741406889206 2.380172873691121 1.4268938545701026 1.4197586803745736
870 3.0746051545991677 3.0066539581600407 3.8934527956080585 3.8801930450094333
871 0.9543223128504847 0.957080422475189 1.4344170151238917 1.4146519092890433
872 2.8862092086462403 2.8896881945963795 0.39384191553230913 0.39923320240934246
873 2.0656461801306123 2.0473491327571205 0.891022065070886 0.9088915533658642
874 2.321134975009017 2.3184613655850277 0.6007933499503422 0.6022506437295785
875 2.884283148301581 2.9570992993091343 2.255583113077664 2.2681938715479775
876 2.783628988744192 2.7832625126345603 0.36457706719308824 0.3581224886202009
877 2.9183039834931113 2.8371940340232507 1.1925733773379388 1.1646065039027826
878 2.6649324861479515 2.6935703652793563 0.7741800428613566 0.7880029486608033
879 2.395535552860725 2.2520378016055966 2.692688996242652 2.6833102285267385
880 2.7568183034594123 2.8905399082982903 1.3256608242760632 1.313039392727309
881 1.5253205475303742 1.5129526466316303 2.2363102035086984 2.2240853305425725
882 0.09338526082794325 0.01356437832158809 0.12031485103061568 0.004297800464267852
883 1.3111711958673191 1.3588781504884215 3.7179861002832957 3.667967240658086
884 0.2515478991848364 0.2515478991848364 3.2296994788292333 3.2296994788292333
885 1.5758779394358546 1.5828515674919452 2.2915056416838206 2.298751629905851
886 1.2646840998921611 1.291607496252247 1.3187592804243462 1.3464008164418886
887 1.1130353218277724 1.0922328095407237 0.4984601118288021 0.5222442563539325
888 1.2118579397488118 1.2118579397488118 2.686244086771697 2.686244086771697
889 1.4071370687469469 1.350919694091273 0.8453407247332101 0.8479496591864162
890 2.9808505416969555 3.0032171713121096 0.21821062378878286 0.15108447623244553
891 3.0902836334257886 3.128576544368217 0.9788755301329978 0.941533630987097
892 0.8333280253782884 0.822545993021321 3.025996428073442 3.037772645804143
893 2.920548006884153 3.077649172627023 0.2920142262822955 0.24973461583238665
894 3.073731987443065 3.079779906055229 2.618793789715183 2.60446742515195
895 2.7823015998786085 2.780274625600211 0.4407070646995462 0.4438200715374628
896 1.1901776141823242 1.1986735369992527 1.3259785834153535 1.3079577178348802
897 0.6116266383544889 0.6272749733608598 0.9060311080462128 0.9151786359295379
898 2.9312473151055394 2.9410412042250864 0.7334155920349238 0.7119798655683046
899 2.911174603280785 2.9031574086727487 1.6934673130479443 1.7143372840323403
900 2.0629886643741715 1.9802230032964747 2.3974388679305205 2.322957195867519
901 2.7550845122973224 3.0821490739512676 1.546556001314985 1.5938103526206933
902 1.8515096842046883 1.7254451014062762 2.8508179961503757 2.8642141993315993
903 2.587173342346776 3.049473698526474 1.0379905542110215 1.062151277987553
904 0.8234747553724482 0.7784784144469884 1.30510271906571 1.2489709746954052
905 0.15012355312830827 0.0017214983481979279 0.11915245467550008 0.006028635122357016
906 0.5718970093328293 0.5766375530894945 0.8157064121108628 0.810531394610567
907 2.9213312283109345 2.998335042532831 2.1424092266908272 2.132235648123665
908 1.4566829443276639 0.9880611686560778 0.3868723040356913 0.2870184866096434
909 2.8754675395211846 2.8761734382664446 1.5333856219558482 1.5302788938628
910 2.95834697917316 3.026783881684917 1.528159330318746 1.5316325668742974
911 2.7757878671293965 3.060140280757504 0.6916243488710315 0.5812758537202279
912 3.1209818961503153 3.136765322627649 1.4163160851330077 1.3961972081521836
913 0.386710490668324 0.3455981537990948 0.4344140509689332 0.4395161286617538
914 3.12972557292847 3.1295258866835316 2.6880208027016406 2.695926594231208
915 2.7065650252524844 2.7093487925682584 2.4633627976610337 2.4667289489878557
916 3.126168845235109 3.1199528236105065 1.8418586083277246 1.808261505910777
917 3.0902782478200463 3.0944256586377237 0.9235914408013846 0.9229419084663322
918 1.1078668477344593 0.08462597675430644 0.34775788376367794 0.3234550170365301
919 2.956374635582952 3.139956603064121 1.959034073393423 1.9566248978786118
920 2.4948007839771567 2.4689228490325124 0.94329479073594 0.9460335119689365
921 3.0521464498648543 3.083579209967889 1.8967616974984773 1.893001169076871
922 2.4508743810806632 2.4335925978666135 2.4181846336392216 2.4303623606377296
923 1.809840797994358 1.8843535106400529 1.4753535275869596 1.5195221817299103
924 2.9164578703848414 3.05490674444319 1.54701416981598 1.563275020313962
925 0.238754080897677 0.003904359517796825 0.07515132978865308 0.002844742271274004
926 0.6120015970176224 0.3975128670286258 0.4340624735969249 0.42918052077108937
927 3.100149275801184 3.1207679773025467 1.109473496627156 1.142174582979843
928 2.5617302270182702 2.556628633679103 2.0872916723819444 2.0357353054893577
929 0.9891711261064875 1.1474026410828497 0.33878181609344044 0.3178291474201964
930 0.46627268783562464 0.13435765835910096 0.48526059633752916 0.2545681464519799
931 0.1310427240538822 0.12396008073545478 0.0743870636209355 0.06260219398844166
932 3.118669563427999 3.132341536258896 0.9942668456225663 0.9958068054514384
933 3.1408094149463173 3.139814268420997 0.9271404587100205 0.9511039589030248
934 2.0700159439836368 2.071513605536025 1.2668554942071542 1.2722495786257275
935 1.4565335036616385 1.5446886010927676 0.36461947909562864 0.3740854881325085
936 1.113900080155314 1.115033723634035 0.6794755311545286 0.6737595824664359
937 1.0602995012338972 1.051689993155141 1.149035884413961 1.155979194445772
938 2.841932499097391 2.898546537465318 0.6290538581612456 0.5576603405575306
939 2.9318126999969962 3.1406886971155736 1.6056388883760595 1.6107841385335882
940 2.628223864639445 2.65823189984753 2.094983524619054 2.1040025886673352
941 0.7447333991863267 0.3853357102816956 1.1072002203274014 0.4987677391812323
942 2.4371130067973135 2.471733249243572 2.2551266297931534 2.2795297451061383
943 0.06414882720516263 0.0006106045253515679 0.08878809482793981 0.005361659088019204
944 0.5919815297050552 0.12915354499411982 0.36896993779204124 0.3416705258916819
945 2.946676441650872 3.1414435478425426 1.2458746696481602 1.2587377680847829
946 0.0802619891522184 0.0021741023806029483 0.09702161540481227 0.008743918450018436
947 0.6666844149312179 0.660742026543699 1.0399589229428898 1.0486926088250281
948 0.9391079563497051 0.9611261673404004 1.3493244358667893 1.3647040600747558
949 1.140168167180724 1.0282160101434716 0.6100688087211883 0.5256107083334345
950 0.06663463114514433 0.05696675396109754 0.7896928496272276 0.7852655123446904
951 0.15423689225795595 0.09650934269214281 0.17091180323746524 0.1673847358291931
952 2.8989888781123594 2.923062524508792 2.299885663912065 2.2701498840891148
953 0.5968644015492353 0.6042790569152743 0.8064757731133008 0.8084395692432801
954 3.11353168532833 3.1375017617581453 0.8265717014843652 0.7811157013416216
955 2.920816742073347 2.9267663549940384 1.0828136146588472 1.0635832770398903
956 3.031897821119838 3.058597881676534 2.019775975977338 2.0150513773715977
957 2.7690396484956614 2.9822661639088186 2.3491450165706507 2.379527562227865
958 0.8929262541011226 0.8488731172171964 2.4419941526830717 2.4511037502337585
959 0.04741523811344954 0.0018360980338198818 0.06546074988113816 0.003758128581287873
960 0.2769422322137922 0.0012854911723114617 0.08082469788396993 0.0049164443967831635
961 2.9953582281390143 3.1413538410406576 1.2420821217588893 1.2255616252345292
962 1.8620478677385157 2.0872438807604277 1.6863883853743056 1.4554230216805937
963 2.798100389335117 2.786025633993813 1.5104203258715307 1.5154545233557402
964 2.575289246999679 2.7711868252816894 0.3919308194822835 0.40231039150524334
965 2.992507205266616 3.13596432236587 1.945569069047219 1.9242591693087856
966 2.5458744938754196 3.1197665866298965 2.1595588148696403 2.2637930648321407
967 2.742420603890821 3.1283156460327954 0.5869815594283955 0.4986458956711733
968 0.9606513764140424 1.0324805792547802 0.3435753453921232 0.3479005431708386
969 0.2500930380677744 0.001589142465812089 0.03896652606334638 0.004931041009164913
970 0.5788861342336006 0.5413553116765316 1.1123450768941094 1.1016136275537298
971 2.5029283508233577 3.0928749448744304 0.8316593205333305 0.8506980867928086
972 1.8153962506806847 1.8129274768049457 0.43757135621416865 0.41914014026951835
973 0.598294566225668 0.17209096089528267 0.1486444561978689 0.13951000275381276
974 0.1619044035544473 0.0034219991928159514 0.1972909888793542 0.007159635586180516
975 0.6918807729968294 0.6918807729968294 1.1892025230410401 1.1892025230410401
976 2.2671103538541852 2.260117505237606 1.2817093616927715 1.2726493724765524
977 3.1083539502934925 3.0580494682249237 0.7369916127782844 0.7350867891394547
978 2.970657578693658 2.9653106628932564 0.27909978907891453 0.27680644508247043
979 2.654688083849755 2.653403322924993 0.8817530813291351 0.8901677688506004
980 2.0999027252674805 2.0890807306573227 2.0101945923824527 2.0089628886549904
981 1.8694502340315629 1.8694502340315642 1.8500164688631318 1.8500164688631326
982 1.651118104925031 1.651118104925031 2.224334553114123 2.224334553114123
983 2.453860626968811 2.514293194830965 2.4895583325479493 2.4697589413123056
984 0.08140484594297821 0.06855764081289197 0.20467162749960766 0.19088084567090333
985 2.6013501409237634 2.5899714138048595 1.8047330289475898 1.7981296337023753
986 3.127024274170604 3.1383347086327613 1.306178716844646 1.310354835908078
987 0.8297982691149118 0.8183440129587932 0.16718123350463937 0.1682427054832727
988 2.525293716961297 2.5162686375286643 0.6505784820230973 0.6599194849206165
989 2.6984765104643245 2.7345901788132156 2.121604373428435 2.1184860180205267
990 2.4359962193474267 2.44907691759949 0.7182270170928392 0.7132191583435116
991 2.878776234905196 2.867974158681767 2.155587401899546 2.1482734541225383
992 1.3988155971127003 1.3866509499067825 2.2428614729370184 2.258502049684309
993 1.378646058734175 1.378646058734175 3.7241752694037245 3.7241752694037245
994 1.0186791352039468 1.010197176276266 0.4815659826353793 0.4820427510865266
995 0.45545135599650344 0.40266464937422597 0.3257667462489596 0.3132691304001292
996 2.2327330901873936 2.26116583096568 0.3146322031009458 0.335540235280953
997 2.5240374480410095 2.539131703069816 1.2602781057066756 1.2674611561203786
998 2.9913962711955078 3.0032010161442795 0.2905566408979368 0.2891562175818414
999 1.973777533482168 2.0497970309629374 1.8593173107988301 1.870607678590038
1000 2.924200623762168 2.927415119251395 1.2489736717152864 1.252667159280777
1001 1.8153786540636807 1.7583446319687102 1.1711948127721081 1.1669441775621128
1002 1.2980762382978572 1.3115903727240366 0.7688788794520358 0.7786315908260091
1003 2.055228297033765 2.058757852916467 0.41591727817094537 0.4223749599955054
1004 3.0965083092770094 3.1055834919562777 1.7265450865616019 1.6985218631250067
1005 2.4987933685025987 2.518599696314449 0.6723965667027281 0.6629070975165975
1006 2.20855338279413 2.2143565032984447 2.6812490653428283 2.667343969520674
1007 0.3790975242785165 0.3605626686539393 0.5332450891625158 0.508631535562786
1008 3.1287990341991367 3.116414724661125 0.4976997369386855 0.4970423222940183
1009 2.9589083097014073 2.9589083097014073 2.290515156569057 2.290515156569057
1010 2.2685207793404976 2.259016472807181 0.2151188338062297 0.2129013353213018
1011 3.10612195351765 3.1068328216287227 1.0687659888229384 1.0716055086514638
1012 1.2841823909564318 1.2638330560613709 0.8942074904569207 0.8561536460195122
1013 2.4917049413093584 2.4582126586064144 1.5656139429227363 1.5879973676773993
1014 3.0082638662798757 3.01940012232621 0.28621943560272206 0.2816681173534156
1015 3.090574612178677 3.09226896980523 0.5478021956923846 0.5368512957970036
1016 3.0546166229486715 3.0783113911472624 0.6177487495499594 0.603891002957548
1017 2.9108117809046608 2.9240726417431033 1.3183051808732607 1.3006752672427417
1018 0.23195698141071164 0.2268795067906584 0.3674420938056682 0.35738594337257135
1019 1.9641193697647128 1.916829138447361 1.2393494775987821 1.2479227939849773
1020 1.4241823107804281 1.425155332225326 0.5382106089666997 0.5460099541087344
1021 2.420028197610668 2.4754783652376697 1.0784000183553586 1.0575854641518667
1022 2.023057142573947 1.9942811173363622 0.9135686463051722 0.898550445207429
1023 1.2029758773401473 1.1939833159448652 1.9628974988875987 1.9514651314392768
1024 1.6569690131641233 1.6230303225967153 0.4872245851031537 0.4971446619391171
1025 0.8546628602076627 0.8490065280753455 2.0998689668230948 2.099798845004188
1026 1.8591209861918474 1.9143014724802423 1.5383781132510679 1.5161629927739635
1027 2.9400560649090366 2.9400560649090357 1.9712875845875406 1.9712875845875402
1028 2.8113244029008633 2.80048044917322 0.49632904422837537 0.48409789647986023
1029 2.850638878319063 2.850638878319063 1.6320769670234188 1.6320769670234188
1030 2.5066530155087476 2.498752253449106 0.8710403384072115 0.838232877146533
1031 2.528477262881625 2.514005595378051 2.006799359139999 2.0225557339714437
1032 1.6482172846171061 1.6556837098881128 2.089112175802665 2.0939971020634323
1033 0.7847356360890224 0.766111249793966 1.9586671196800476 1.939778154125341
1034 2.6169992792151735 2.5871607565783856 0.5017316337419386 0.514572638009646
1035 2.7482510258440143 2.760831350090276 1.4354927927268533 1.4405889080391667
1036 2.612271297209059 2.6231495486472842 2.4171764032285603 2.430422399062772
1037 3.118207056013065 3.0987449708969503 0.5574028625144877 0.5531832730049415
1038 2.791172116386854 2.793890212197089 2.19132546761264 2.17743335280475
1039 2.504327924638792 2.504327924638792 3.5857691212052183 3.5857691212052183
1040 3.059065634783925 3.0410495271849842 3.499272395822429 3.5347435260900966
1041 2.7304480482179017 2.7403993620336733 0.5347015253819186 0.5140046259789223
1042 2.795431921543437 2.82500672718989 1.9236238698272765 1.9293198490861094
1043 0.1414216292383614 0.12325348625125475 0.216698076775178 0.19888812502822287
1044 2.3768800206110132 2.3695074636030395 0.612297074805852 0.613863444105054
1045 2.9586062877466826 2.972657398461728 1.0330410572169995 1.0369389445156307
1046 2.667402362785976 2.659153032069148 1.4455503187419076 1.435039395983309
1047 2.044244944414626 2.0496909838744677 1.294218847374739 1.2990674462250227
1048 0.8483913529028434 0.8483913529028434 1.1703049260753593 1.1703049260753593
1049 2.4735442112892985 2.4770304156809138 1.2581470345430656 1.271135578479741
1050 2.248378281554518 2.2734664998608842 0.7485487414594694 0.7730145542264453
1051 2.6019972685192796 2.6438163892277573 2.334855958236898 2.384339006213443
1052 2.5859451369321547 2.5827433696701814 1.2752924565605475 1.2727846989322262
1053 2.613456970525778 2.5659017301126963 0.8047536815050615 0.8077917743964289
1054 2.0134431046992343 2.000428677808539 0.8867136010253822 0.8802637017622259
1055 1.5173035906022505 1.6094843456667982 1.2935902378271946 1.3539759880417945
1056 2.8340531009686916 2.8295920249484348 0.7848506830855209 0.7811785263236249
1057 1.8357657721946528 1.8399894436617126 1.5041173366102414 1.5014444453866906
1058 2.7870383145049793 2.809672098331598 2.054932416510682 2.046612797475308
1059 2.3355533878304158 2.3231688900656424 1.9915403970342038 1.9779707847863965
1060 3.0928134891519243 3.093851300426853 0.5605432795787374 0.5644573599380677
1061 3.0907839408486275 3.085138365558305 1.0888586114713903 1.0787457091354653
1062 1.1981586395857187 1.1882022316152072 1.2950087281865543 1.2903132470836955
1063 0.09071660510452309 0.04369226210155956 0.268283316632648 0.32405518720818327
1064 2.1572171448612174 2.1572171448612174 1.9990721851057076 1.9990721851057076
1065 1.8827684883975195 2.027665538056263 0.8918543885725875 0.961903884870985
1066 3.1027381791754527 3.1374434610205353 1.385932456713141 1.3883311382784451
1067 2.7097580045563734 2.7693733563389737 1.1212082949328972 1.1283614416247671
1068 0.2315752214873653 0.0028269846600245062 0.0983975518586127 0.0072572425682992945
1069 0.4635319414569673 0.4792363906166724 0.7777572593896869 0.7629730582154832
1070 2.365220288036402 2.347551179749378 1.8193266357899511 1.8354329119852877
1071 1.7991663017545976 1.8070653179987852 1.9276535085758773 1.9310182328649341
1072 1.5957398686696016 1.5526206646887555 1.2862841912410736 1.26049251631179
1073 2.4399474979987317 2.4705151948928954 1.4316192471440814 1.432558061393762
1074 2.1832785456657495 2.1800858503589757 0.706310738478334 0.7069352333489022
1075 0.5125938028905466 0.5165408925954513 0.5203229152373122 0.5196046305999601
1076 0.18390225359665233 0.06641477450337503 0.3795692174700084 0.39540745186529846
1077 1.515909748952929 1.7518544779360177 0.33279006561366986 0.3752504761513679
1078 2.955403494327941 2.9879246864027373 2.178789965258761 2.185705876225567
1079 1.3661514961301715 1.2554109398361166 1.2920592629371566 1.2087548743504097
1080 3.136359870149584 3.124027653089097 1.6630787008294203 1.6608796850050576
1081 2.197404460428304 3.0587793658778226 0.4181386539490996 0.4420639535720906
1082 0.3168630545261003 0.2923231198157532 0.25066178642558196 0.22236497693699367
1083 2.9858531683262086 3.0486633632748714 1.4150618834676947 1.44078927653921
1084 3.100722258849936 3.100722117452971 0.3374021350047887 0.34438323132848614
1085 3.120113520975816 3.127682166110744 0.299442088039082 0.30751002751106604
1086 2.2798444640502957 2.27491601658575 2.2893436101383635 2.3304718956966517
1087 3.1245215876188555 3.1213257258941516 0.7801376504107282 0.7696871366628623
1088 2.765729800773262 2.762533756433476 1.2180892287175205 1.216654464383184
1089 1.3143036441023845 1.3209947678879614 0.9771035411758204 0.9984854953147585
1090 2.553550190238821 2.58520961355705 1.2566213384943001 1.2641881672081519
1091 1.8674444455409653 1.7880625914263963 0.5764059751345811 0.5726090328891261
1092 1.5658287949085439 1.5857937651691572 1.087795812108095 1.079434870235972
1093 1.2884166257626053 1.286905175779984 0.8964726214138673 0.8939880418118394
1094 2.6156534805910376 2.627631593636333 0.5550123505352381 0.557949088930438
1095 0.9108589271366128 0.8727657652672551 2.0578199975907014 2.0510824722082974
1096 2.865136804641737 2.8673436341842002 0.5795166598789868 0.592591915750691
1097 0.7293440578431951 0.7221482222861606 0.7065037476199367 0.6904680897412666
1098 2.649905736841781 2.6812296807939666 1.7765245219588566 1.7674245243078384
1099 3.0478236704379147 3.0478236704379147 2.5399518496100666 2.5399518496100666
1100 0.6464021458038484 0.6397262503023096 1.2237488553256544 1.2160614374398413
1101 3.0495611605246746 3.1410813394151833 1.8897537475796475 1.882832284841543
1102 1.8733988196926104 1.9002008296810071 1.2837878952233468 1.2968720223102677
1103 1.5011048821026378 1.4863548149034913 1.6729077612631607 1.67236427340733
1104 2.542404075897649 2.566980931899651 2.056172462956169 2.0564043839934896
1105 2.7381226497760953 2.7381226497760953 3.1892639907304954 3.1892639907304954
1106 3.0788585840813036 3.0959702550846724 0.2526881631605992 0.25173832579361677
1107 2.32854470139363 2.339535198427946 0.6730459397531846 0.6950313695883749
1108 2.675858948570408 2.71808973994968 1.339445905857947 1.288474258274134
1109 1.5005665350013047 1.4358029431545065 0.6297304072251526 0.571166967172298
1110 2.6660028269601095 2.8711578279953462 1.1896936917177494 1.1711916327415868
1111 3.0891563965705076 3.087615371064112 1.0782286965341725 1.0763214490304502
1112 1.276970988566969 1.20168471558902 0.35378925220428653 0.36120559262657653
1113 0.8972337847011145 0.5097806548271276 0.8377537554623116 0.8110937566852752
1114 1.0611977271497213 1.053520676080246 1.1515235365730356 1.1411896584831365
1115 2.426781582196672 2.4137273144649365 0.6721091771326436 0.661534761251531
1116 0.4490723729130252 0.46442925915491107 1.3724531935861528 1.3663496767221963
1117 0.16648713693435208 0.1405884114964688 0.5197594980523688 0.5197972989477289
1118 2.3326265044640446 2.3091764998089785 0.7280601469573323 0.7188279867381158
1119 3.1212134071288613 3.114363485616253 1.2125736974953296 1.1868560241116235
1120 2.5771705078956697 2.5681656622431603 1.4611142237298753 1.4623817781677209
1121 2.157329156770416 2.158789808012362 1.9946119990016338 1.9678833337948298
1122 0.12499208731338225 0.0029530920577896364 0.09175779872691725 0.00881069875150957
1123 0.2572610122451631 0.004166504272549175 0.13841490556091446 0.008323199776981592
1124 3.025655160338271 3.0535551985600695 1.4514489516337807 1.4422591837347467
1125 3.0067739006596583 3.0154201405215955 0.9154584621637872 0.9071390169682875
1126 1.867951737822185 1.8592547036485272 0.490205849324173 0.4767238925979273
1127 2.8165453014419692 2.8302139792638283 0.2355116090712261 0.24330832275017736
1128 2.8849444228204018 2.8840376482313492 0.9462004037932037 0.9579827323575907
1129 1.2152944363710154 1.1761423375126896 2.216141909656381 2.2371098984220095
1130 1.322243171327138 1.330944413921475 1.867496623089142 1.853346105277527
1131 1.8216300199775133 1.8661347965995276 1.8921413860978857 1.886757455306034
1132 0.5786521058315534 0.5456861463620079 2.221604143666856 2.2309721530207978
1133 1.1586004650314012 1.1491381933700522 0.5156139379128672 0.5137337643481757
1134 2.2845712507923057 2.5358297413293616 0.3152284468781149 0.2830437541643299
1135 0.8403772221402845 0.784458208826755 0.7107694967133519 0.6496135604410337
1136 2.9337106712346444 2.956309303923616 1.573450623265732 1.5775548545990175
1137 0.8596669830792213 0.9381037928303241 0.5933217788668984 0.5770052180091811
1138 3.0895016330323646 3.104498793260842 0.8053133359776947 0.8043207944210803
1139 1.67445575712944 1.7269130842913316 1.1883344807954028 1.2094606588348242
1140 2.664758909880188 2.706891136334964 2.1583806104276357 2.152700427989543
1141 2.848218303678962 2.881612279370291 0.7166650616650289 0.6889684807060481
1142 1.8155745326496853 3.139323765862129 1.9688034043769314 1.99030942928047
1143 0.5936255337596548 0.04420360154177462 0.4392348385854195 0.4298904898501603
1144 2.9962344040926734 2.996005455424857 0.3513450821274515 0.35580370226143393
1145 3.0646642450802406 3.0636202119349023 0.26047356082346546 0.24981610858661216
1146 0.7028658440978807 0.6164332845504078 2.4060222241115814 2.473290831839848
1147 3.038314525873018 3.118433576338439 0.28921993343454405 0.34102257311980094
1148 1.4821171596162355 1.4065006938037776 2.554453174127319 2.61836151815599
1149 1.802763283106561 1.809158292318031 2.440782308441156 2.4382785943656144
1150 3.1372095488625416 3.1314188174322815 1.29925483280484 1.2658732416351792
1151 1.9542533748891613 1.7778776657440083 0.7162432509186436 0.6838484175133407
1152 0.3337214576607637 0.3264016486727342 2.3842964393290504 2.3998292888520454
1153 0.9490268773065096 0.9345349534742363 0.3241977059518072 0.3260199343296194
1154 3.1371777975588033 3.1414486382153446 0.32500269529186804 0.34040464680859234
1155 3.0964986660991594 3.106600392149482 0.24565984763577925 0.18974986600975208
1156 2.3511693973117445 2.339867881889161 0.5096408795843314 0.5194042996239508
1157 2.6508110078733456 2.9793674618932418 0.48492394153281315 0.5088297144322032
1158 2.7867855955969763 2.7903917967248364 1.5810723945111773 1.5757431202849512
1159 1.1404600306368529 1.0647988134250608 2.6477607611911864 2.6619575332308734
1160 3.131387108594398 3.141318054636277 1.152050237521143 1.076879095316858
1161 0.2546133303827352 0.019951317229489115 0.19498134388236354 0.022561208653716268
1162 2.9974809819987454 3.0713866798410456 2.124210960547288 2.135037114961371
1163 3.0112286316219836 3.020989662130504 0.8437099999132115 0.8457827265680012
1164 2.5066638741492446 2.5296299843714296 1.1794176462284374 1.1651395065855332
1165 0.5805037446335483 0.45452335225190965 0.8900126196082028 0.8937637399833612
1166 1.182666987710929 1.2311093959932606 2.2757585354644423 2.283820851942402
1167 2.856411569148588 2.8657917860966395 1.9290042181262739 1.926424926545149
1168 2.0167828165788078 3.1415650451198176 0.4727729898862917 0.43477435064064396
1169 2.7259735087672756 2.7895031720899075 0.4274734599737214 0.3622906172320446
1170 2.495615274616618 2.499741240893883 1.8638352388159478 1.8621732932994572
1171 0.9986788791749346 0.9584869474903277 1.31723060448746 1.2701802313129513
1172 0.21176031684058363 0.18504582251123314 0.21320935458586057 0.20392307065063076
1173 2.9761111940406817 2.9766641104203706 0.3225407026344617 0.3102889924233748
1174 3.042788202490721 2.9831294212024564 0.570073735580226 0.6501413703032473
1175 2.0380987015844725 1.9945384971635343 3.0465727331882277 3.0411173243042238
1176 2.932822439173683 3.1232244444114423 1.1476799140174045 1.2583402549726797
1177 0.29003713719212687 0.2585029749268461 0.45567226789822984 0.4291181603204364
1178 3.0724389747428877 3.0839961979580757 1.958718411404751 1.9653832468993726
1179 3.045642545093982 3.022546339470399 0.4153464615215293 0.39141230648570774
1180 2.8420136428791754 2.831048256873995 1.3488864500694027 1.3527668583286923
1181 1.5953869007602761 1.6244909189463197 1.1030910330375912 1.1637225615044533
1182 1.910705206788677 1.9012083681036862 0.9632120482875828 0.9428426002155306
1183 2.0026520367456744 2.2313304734764174 1.6933707353771956 1.5055536441892965
1184 3.122517081437207 3.13269975890115 0.2068082393841575 0.20125819489583666
1185 0.41739273792797477 0.355346186330831 0.6324676087573604 0.6496895249463711
1186 2.721156773713604 2.7330475618302015 1.4644373907638952 1.464640256366359
1187 1.9478539621568447 1.8901752927821294 2.033918195432228 2.130172509364153
1188 2.421380197301388 2.421380197301388 3.0543904505923787 3.0543904505923787
1189 0.2787779991674887 0.29989288875703335 2.677661580811756 2.678362033257264
1190 1.246455767385368 1.145680499648091 2.2604485922209996 2.1746669256348845
1191 3.0274356856593427 3.0228089231701922 0.11954206904122361 0.12287111926065336
1192 0.5421512300171175 0.5234284728614074 0.5690569344810384 0.5577439090086171
1193 3.014291588083575 3.0131329146159236 0.5772886804027435 0.5898516862629131
1194 0.3711436828282184 0.2711010132480078 1.6375852823927768 1.603920034996275
1195 3.0613840157813472 3.044929267413056 0.28318340187133567 0.31529405701695723
1196 3.128486755553899 3.126236320137859 0.5275262647320041 0.4611707348204025
1197 2.962813750058036 2.97291501744092 0.23352478021226744 0.18040622207661583
1198 2.7212424016020598 2.717979769452373 1.1429390919833018 1.074838437503666
1199 1.9854382804654704 1.9847727645189208 1.9281240747609765 1.9446013580672248
average rotation error (rad) without icp: 2.113565269386291
average rotation error (rad) with icp: 2.115001873223186
average translation error (m) without icp: 1.2979385925420692
average translation error (m) with icp: 1.2905300027586144
