0 0.10238027990036593 0.06308564954210692 0.325676489014601 0.30174186668359443
1 1.5397694315019148 1.5524038408825818 0.5646322721289401 0.5554745798209794
2 3.0262686918992068 3.0309803092091365 0.585887659732013 0.5775963880840926
3 2.9500546860124004 2.94296099394201 1.9519214590531044 1.9429609316397622
4 2.3635281836479676 2.3683244201840377 1.5870226115622605 1.6108165524690692
5 3.0479627710018073 3.1364073637827334 0.13032270962202297 0.11725751998164315
6 1.8525492608278336 1.8280252749466834 1.0230111259701435 1.0234662293682013
7 1.201724749129243 1.0843337830309716 0.2313766770209519 0.23975640031552156
8 2.4611715547441952 2.4654703834332716 1.2582892910793375 1.2449545552399233
9 2.7840180364513576 2.800323254841826 1.856999721983287 1.863607026775004
10 2.885577603500582 2.8987963477225795 1.0194706857635836 1.0188581923859477
11 2.9520188120012976 2.953089676706597 1.4614338090035996 1.4742402172689366
12 3.024232560382698 2.882799718763345 1.304014290857062 1.2747296780516324
13 2.1928407429600303 2.193978315495379 1.8310808841616049 1.8157898174586329
14 0.18820795913392946 0.001885386489515135 0.08771702260888202 0.010678361388066817
15 2.6677244589794924 2.6612329707575464 1.6725886790643318 1.667804622980665
16 2.911216528695272 2.9277998189572956 0.9263752265210242 0.989202362748364
17 1.376824198065762 1.3466095402708054 1.415904546386218 1.417295300868218
18 1.7696505736605543 1.7753176019842587 1.8797662794986083 1.8665255084289811
19 2.2624657323739314 2.30011668946762 0.17595236776585474 0.16852130300673082
20 0.3413878792603446 0.3260406561405048 0.4810075260650279 0.4955581731484039
21 2.632683453970005 2.62527044117235 0.7855904741055988 0.7902642477034328
22 0.9359668844516583 0.8764282059607853 0.26035729582253814 0.2614144309433286
23 2.8960226822575037 2.907913261673799 0.48532152548147334 0.4873828584102936
24 2.81732098827486 2.7579283024126138 0.31011691152932613 0.30546524947177794
25 1.5042269457075192 1.4369695236709785 1.0192768785834017 0.9705342218866901
26 1.3990173479070753 1.3931332798329135 0.6902218604174121 0.6671430584293995
27 3.064241813338812 3.0622913419621547 0.7135062547840938 0.7123684906926683
28 1.8932030074259614 1.9140288650036663 2.143283784269136 2.149520214565688
29 2.191757491480772 2.1809725080989275 1.3843462312514243 1.3987252905067593
30 2.919682637880426 2.9361244018312265 0.9835428294358527 0.9734053529518106
31 2.8112310678906316 2.8570474577070653 1.3994057275760319 1.425729033484858
32 3.1139094799243647 3.139743881263612 1.1316679821558828 1.1394772539110876
33 2.520583947355355 2.5184145958149484 1.2010848430067298 1.203874890157589
34 2.8488798676242246 2.850730091359897 2.4647487113098 2.472788842196683
35 1.376717203314482 1.3239407219343897 2.0193109752172473 1.9965138595169691
36 2.0850100206880677 2.117187395422038 1.2212866991599804 1.2281397706972517
37 3.074842075279438 3.0435686896162517 0.9145995143420917 0.9190237912296034
38 0.5224462372988148 0.5195687977578137 1.4121600028817751 1.4167094016995294
39 2.671769055966821 2.6278265382084003 1.3466332757284671 1.351447041345571
40 0.8388656724708374 0.7794594954731795 0.6900791813432632 0.6646027664537368
41 2.8844519984649013 2.8979839330536445 1.1179958995059798 1.0834522011339789
42 3.0367572599484265 3.025739787118674 1.100080969318075 1.0978394012233186
43 3.0543245224136095 3.0934606080886717 0.7201899419509159 0.7090020743934793
44 1.5427692050094752 1.5584912316074948 1.293594628815571 1.2987594542589431
45 2.338097314282431 2.337625031926104 1.96629370358797 1.9604387740748113
46 2.8288350236463113 2.8353247287393 1.1215758456853762 1.0846621534465228
47 2.9071739163241284 2.929668223882568 0.4110184033761999 0.4204110601561186
48 1.754252041547071 1.7558083886996014 1.7425696465075988 1.7251568500134389
49 2.8288848598081597 2.862673286281305 0.6182777003754054 0.6327050360176569
50 2.294312172965621 2.310245406219741 2.4238940232720334 2.4262526785300094
51 3.10870592916571 3.0923347484543444 3.290618191172902 3.282437401018531
52 1.6357839539147188 1.748780169921354 2.038212716728171 2.014422971075446
53 3.039620015969637 3.0517217827586625 1.1602537673276128 1.1658908115594206
54 3.011903893886837 3.0034846997158033 1.6114866323450718 1.607173432029416
55 2.8208730488338296 2.807756137490275 1.5925592168779872 1.5937243711125726
56 3.0614850438760155 3.061698005569466 1.132014610247654 1.1376613399821085
57 3.093702162394069 3.082261475518991 0.2968300566833259 0.31193729819109955
58 2.5753320386358776 2.5151389796304104 1.5306652382612167 1.5097772282278072
59 2.195298612959876 2.1883033193202244 1.3884037134984017 1.399766706050854
60 1.786850523299139 1.778718388263189 2.3690787911927806 2.3670434277432038
61 0.5661088887818304 0.5584847978944079 2.744842884678488 2.754106111773427
62 1.9712801274116536 1.9443371700713972 0.8936449353377626 0.8884156269987292
63 2.5439909774482676 2.522260252989933 0.6991793173286279 0.7093531488613544
64 0.4181577930151007 0.3574510039755366 0.4160148343450123 0.3815149186657943
65 2.5803913292820133 2.5728746759734027 1.6861958291904626 1.6798649515933524
66 3.079026048975875 3.076301128846595 0.8889283852889817 0.893241740074615
67 2.65504161087665 2.6801519079458616 1.8507440470953482 1.8394682152894901
68 0.7079512796652607 0.7082409386325871 0.6094293961029325 0.5957249218875346
69 1.870435298825047 1.8828016901488889 0.8300581437119924 0.818681624073309
70 0.8533772179742467 0.8640775123874573 0.7731834656412152 0.7784457182158602
71 2.192696896037849 2.192696896037849 1.91679557622502 1.91679557622502
72 2.4946018208680183 2.484994242191465 1.8233130824919035 1.8151337050431757
73 2.053574937325797 2.0590238713445723 1.6688914344811139 1.6495164244741316
74 1.8248369850942805 1.7672312472303964 2.253321739514035 2.2763644411008777
75 2.2795322879067057 2.306819704571506 0.8567621114954475 0.8528864851703712
76 2.368431136906792 2.372483178816869 0.48860616244532296 0.5222128491533846
77 3.1339885824953493 3.1339885824953493 1.6379926859365772 1.6379926859365772
78 2.4092183027948892 2.4510073171857525 1.1070789071228981 1.122153834637683
79 2.9236504074710465 2.9201083336231286 0.9192678820771524 0.9278717785313384
80 3.1118597049389725 3.1280563872888636 1.0977192913026486 1.1401275105520043
81 1.7887848923951701 1.7922348707646056 0.5230452839835008 0.522263224592442
82 1.376674295901463 1.3854207256325026 0.7740824342854347 0.7766787791023734
83 2.225629979662495 2.2302100043098947 1.5910218757234955 1.5720755432456908
84 3.0305042627372436 3.015147595370788 0.31705847230779016 0.31439431389624845
85 2.9219336186690543 2.9156643631661616 1.610639111092641 1.6237468885404405
86 2.2614442135675143 2.289520461841314 1.979265363993772 1.9715660069732233
87 2.6202560830073067 2.6101476188288943 0.9116209356293491 0.923304294693516
88 2.531982376230698 2.531982376230698 1.846811913755583 1.846811913755583
89 3.0593496333178147 3.0373893958251448 1.1844424521339971 1.2238755643055077
90 2.7220697619957437 2.79448948814436 1.864307536267742 1.859927558128684
91 2.7530507592899105 2.7605565585977554 0.13371828915085138 0.15283429477584984
92 2.7858192354315188 2.7797068820433446 2.1439071258335356 2.1417797476054314
93 2.9270271658687474 2.918102660496809 0.660439571848568 0.6567846194979257
94 3.0969325351290076 3.087047763140919 0.9528853083243226 0.9629421197270924
95 2.9036158898787865 2.898459770747856 1.2127648380893956 1.2320159170278357
96 3.0596758323501496 3.074843514159269 0.6612385859100793 0.6431856728353459
97 2.594133380585846 2.594133380585846 1.9145155431430405 1.9145155431430405
98 2.6782135099496203 2.67950474608284 1.4203345003522176 1.4210266489074628
99 2.4647415266976997 2.4490087248140844 0.5879226142824399 0.5857103046639391
100 2.184638355244971 2.184638355244971 1.0313460504137852 1.0313460504137852
101 3.0617781984148813 3.0712111419071757 0.860864188661387 0.8477480407492018
102 1.8752829757197957 1.8609877387465241 1.461513920614127 1.4270205299777683
103 2.861067792184009 2.890854487459342 1.675671073589889 1.6666906046118437
104 0.3763576120245684 0.41682046316963495 1.3767567788538808 1.3943253910358286
105 1.658790483619992 1.6763483446853884 1.1724182197391788 1.172494279465656
106 1.8326484430161578 1.8606197308374552 0.9354589989108686 0.9465022201210608
107 2.378034830707486 2.402504218567007 0.61056350681116 0.6122932328278372
108 3.0221878526056902 3.0516980215711818 1.8559059004202028 1.8569786343945838
109 1.2608208847587192 1.2814053032102481 1.5241541883014944 1.541533645814828
110 1.1438503089758725 1.1493584597470174 1.0852837552401864 1.0739151115305854
111 2.4043725773776123 2.402596797921203 1.826238028867556 1.8138098214005953
112 2.8620422530917753 2.87066604045718 0.36765423682242526 0.3671195069178173
113 2.4595536618363716 2.4645366810566998 1.3666013954312088 1.364507513132303
114 1.9118401819798854 1.9118401819798854 3.207789781714668 3.207789781714668
115 3.130149779112303 3.122315655747915 1.318680170118192 1.331561436045484
116 2.256071421902436 2.2489467180010085 0.3874094395851886 0.39531550720963426
117 2.9560445792591317 2.944547665022016 0.6475448899508908 0.6438690717185321
118 2.1300350621997874 2.136795941386001 0.884607750066697 0.8869075347961488
119 2.1859993117345744 2.184510668132072 1.0892408802907194 1.0789019735143213
120 1.6251340957075666 1.6722688038786941 2.513095453169987 2.5389356081138614
121 1.7233647916007209 1.7222305388872219 2.2134063596199547 2.2099996631254926
122 1.2612789143149663 1.2612789143149663 2.200369666034247 2.200369666034247
123 2.7184433133019437 2.762795734275066 2.607885044319041 2.5963224527963478
124 2.5986173515670576 2.650576119792615 1.6124552567212462 1.5817107416930536
125 1.4965874778213302 1.4965874778213302 2.607890799082974 2.607890799082974
126 3.0262883644812995 3.001345674726531 0.608841991606927 0.6076040410737501
127 2.926756703663465 2.9127146950334004 2.1403811276587326 2.165714859723319
128 0.9421517766396461 0.9469884211227192 1.380666751387589 1.3736121422398704
129 2.8526570610467203 2.8653574167955203 1.8431460730780609 1.83517255273311
130 3.1256972176831668 3.119676979171935 1.003572614234503 0.9941192937485245
131 1.623780094552701 1.6279525773195025 1.9775360549255898 1.9734080941299925
132 1.9854705887455326 2.090180548051333 2.0706045119571908 1.1961842669911158
133 2.489923294153371 2.496058415307352 0.5548235903155908 0.5595945520349936
134 2.0943951023931957 2.0943951023931957 1.156290535928291 1.156290535928291
135 2.0417761087898856 2.004171850897947 1.2813006453853482 1.2514268423107224
136 1.9549166898117758 1.9454080021889786 1.551725676999749 1.5423157666905327
137 2.0033055938186366 2.02827691881068 1.3676053520188702 1.3807905797456912
138 2.69779165667026 2.713742796706094 1.3916660079208558 1.3981499017711707
139 0.6343219730793349 0.6507769312359203 0.5918404498864255 0.60557278283344
140 0.5883530872176063 2.650129595370176 1.7359075591793327 2.923552353547105
141 1.363888410510359 1.3678374026038338 2.5744670091745534 2.5746613536074463
142 3.1137505966009305 3.1180345800996436 0.6286561079063819 0.6197052178126307
143 2.042681446127583 2.2566126990025706 2.3175594486383577 2.204505543384323
144 2.831184252213625 2.838488338909842 0.6100550950837332 0.5885952263860961
145 2.5289704871780687 2.5289704871780687 2.3548293939807747 2.3548293939807747
146 1.6222726316624028 1.605453929693792 1.2934983455293458 1.3137964659927774
147 2.3271851445437868 2.369031712210187 1.5752468376435713 1.5931638471005352
148 2.772880037206006 2.801086081916674 2.2307883970129767 2.234559899903824
149 2.181835798965599 2.1930099606959645 1.7632905113174693 1.753516182124375
150 2.0140779697557565 1.9994579665028784 1.51524135431153 1.530872417099673
151 3.0774408110959994 3.0759832124976314 1.2062113622422506 1.205949476118092
152 3.0910302535795666 3.0910302535795666 2.249922259276414 2.249922259276414
153 2.191256628668369 2.1915859180187502 0.3494001260881557 0.3544720266723992
154 2.046530024245661 2.053115512115974 1.4816971748779162 1.4873826085280937
155 2.8604614576657172 2.900635141425316 0.3277682310617397 0.33624421806624955
156 2.3724038838524244 2.380901381428434 0.8135796319294902 0.80126958332064
157 2.5479307435810075 2.537110155949433 1.026964831299815 1.0294577764500088
158 2.543191983403843 2.544874288705377 0.9176732209871727 0.9433656144288276
159 2.241753349800993 2.2622114293847315 0.9691026018189769 1.0028070799115025
160 1.9166044186715954 1.8995798679169213 1.9089425360590009 1.9224702199530683
161 2.626921426029642 2.612811046725685 2.2677041417379415 2.2644989280686634
162 2.8483790720296853 2.8483790720296853 4.020903959474342 4.020903959474342
163 3.014626411251952 3.01106411144014 0.7750259844873746 0.7706919716448435
164 2.3918670403732474 2.38518437159671 1.4980159729746223 1.5023552988646685
165 3.097639281547528 3.1031286171295642 1.260890096911582 1.2843730863287446
166 2.28097947678867 2.2849126959210424 1.1756613409726766 1.1766851918680463
167 2.7664845135742717 2.747807063400996 2.0046329082562364 2.032251923155394
168 2.4097452434530213 2.4097452434530213 1.2781610742916458 1.2784105617681623
169 2.001227156759771 1.9579021806466406 0.6582451177344312 0.6703067817676316
170 1.9065871467664677 1.6250594973703638 1.391371192954547 1.3477899513665754
171 2.4357591990967444 2.423755883091553 1.0482440159649449 1.0572154272525884
172 2.6263895307296217 2.6102045594226233 1.4270183306739783 1.4306560361615641
173 1.777230126498228 1.7845059764759847 1.363517054971967 1.3617348189898117
174 1.5522902959296694 1.5359222216875132 1.9488688242886505 1.9421924106884871
175 2.1537104455452583 2.124122050927939 1.0259709733177822 1.0248096317310418
176 1.078783725771902 1.081466468323694 1.09482352362338 1.0986963097334161
177 2.0755770239129774 2.083032658884845 3.6144751865854747 3.598578877142043
178 2.8242679212826616 2.8242679212826616 3.7011711772415987 3.7011711772415987
179 1.678015074075646 1.678015074075646 3.927273696191031 3.927273696191031
180 2.513089366613801 2.513089366613801 4.2091860961377865 4.2091860961377865
181 2.4007761318910714 2.4007761318910714 3.63036051518094 3.63036051518094
182 2.614381023056349 2.614381023056349 3.7867298919131387 3.7867298919131387
183 3.01525236637809 3.0157890279771067 0.24941196211267308 0.2510669493577379
184 2.7323306468997854 2.742615646522275 1.75288397137793 1.766281371740629
185 1.3506029130646369 1.3648836459040645 1.4181936984630776 1.4287659503531973
186 2.4599783916532285 2.4458877582016765 1.1142098405627485 1.115441665543275
187 2.590424182031812 2.462094236579495 1.4741423463938368 1.5113986462710445
188 2.4208859680959294 2.4292173805210076 0.55843300237746 0.556327454719824
189 2.933705190839695 2.933494498882688 0.4516504273753471 0.451670191142476
190 2.6544285084897257 2.657138399920849 0.8275539994889753 0.8193393904833443
191 2.893331558261533 2.9163496507362847 1.7022462572514858 1.7201593553928125
192 2.0745527030110673 2.0673923281006386 0.6344890319791714 0.63915479147034
193 1.867557604493136 1.8698297385839144 1.237822482450184 1.2505223086261372
194 3.091819364816752 3.1272694457899215 0.6790585236297711 0.6792818165165806
195 2.6345129332186836 2.6530425402603646 1.8696497315829832 1.8769248340474294
196 2.5291584720034894 2.5266705431263774 0.7752830253729832 0.7893997333602316
197 0.9798848301222851 0.9772396009819839 0.6614608210933043 0.6617467316704853
198 1.6148249773246288 1.6054135220828203 1.2759049982531967 1.2942037336436187
199 2.9767029106005976 2.974354730077398 0.5367169275456564 0.5500689015994795
200 2.4247794356936714 2.425485218364572 1.5349671523654964 1.5441185816411307
201 2.887596735995155 2.8759790873293634 0.6159888817127032 0.6329566883561456
202 2.2808140619072956 2.3021675102254306 0.7204641024415508 0.7302643948166474
203 3.0847154406441186 3.0959402509866596 0.4957367139827398 0.4784811620835535
204 3.0013402469684825 3.00451657357408 1.1720112392275983 1.1727707941748065
205 2.9850888692428046 2.987708119284755 0.4900611729438794 0.48264455991139693
206 3.136668832625264 3.136579201816516 1.004694720522827 0.9900415554481133
207 2.7427980829221825 2.7390709714032684 0.5995781407243509 0.5823447254867706
208 2.6717071676025244 2.666494110116759 0.7171259472902723 0.7130729460644076
209 2.840452602706835 2.8469884730082042 0.5724010047124349 0.5823289903499772
210 0.16231559305258123 0.10273706842060741 0.2912286228561531 0.24391303609689008
211 2.8360112767038337 2.8383617553969778 0.5920286584873109 0.5927121720802628
212 2.431242568984698 2.4234872892811055 0.6829729082003982 0.681472942556126
213 2.3189279593701433 2.3255039365605286 0.6675500850462902 0.661506198934935
214 2.806300639565344 2.814564026367745 0.3199969243039422 0.3146689214560003
215 1.412397544526878 1.4133186143620313 1.7549842301974998 1.774886614054025
216 2.9220203876933075 2.891113263174066 1.5911817523721274 1.604022457964823
217 2.4653212996815057 2.473926903005505 2.3044458099363117 2.268090329111439
218 2.928683346799017 2.9384643308632823 1.6643531503517124 1.666403205632276
219 1.9928293421115486 1.953785245848578 1.1630253729596394 1.122175105253664
220 3.0297763301355665 3.0229012884453446 1.2252716009094744 1.2334705381308306
221 0.15331102690299347 0.19284338482710953 0.9455225229804978 0.8899282973503925
222 1.8757885990491758 1.8750552583486761 1.743514535250785 1.7464945372029614
223 1.9554644553448537 1.9818493379067812 0.715942005129052 0.7217696965907022
224 2.238798880932699 2.2675868841130873 1.7768393346083993 1.776329002509754
225 2.004073966608585 2.0443836590729694 1.218125973202348 1.2344032591581304
226 1.1728748173385437 1.1724278776845083 0.9006059726178748 0.8925844431193131
227 1.9705041399087797 1.971189320851259 1.015561459833834 1.01056841926695
228 2.9474611127617782 2.955927055958388 1.3065725118298512 1.3098954733716421
229 1.5794482837965749 1.5678797005234728 0.20082544068715757 0.19621442147358809
230 3.083511613950262 3.0844995859888638 1.5350518858266857 1.5637052519286854
231 2.9663892858299867 2.959664421946167 0.9133848851466299 0.8962985772973013
232 1.506593795655306 1.5108173004092835 1.0467828392850997 1.048170915742142
233 2.185886913177394 2.159477170588863 0.06847301890656737 0.05574883926831144
234 2.7479409890466338 2.754235287229617 1.852333358497577 1.7879157062767852
235 3.129735318731574 3.1343283420189696 1.266627156446822 1.237376094484612
236 2.3251770235296907 2.318306490894406 1.3289078749104886 1.3358574303508128
237 2.925648632238969 2.991725042968336 0.7420827926121201 0.7448774697706173
238 1.2853039397590886 1.2644336404285463 1.8103055526420506 1.796878021010102
239 2.606051200436581 2.622836205220508 1.7014635097965307 1.6998661254074081
240 2.6556241174733937 2.543337434755739 2.1692298368319354 2.220397638302209
241 2.163011969554237 2.163011969554237 1.9145085237905655 1.9145085237905655
242 3.133823608764935 3.137057309116384 1.9643097494581325 1.9670453373060697
243 1.9403510344806145 1.932155945144893 2.1793914762161353 2.177926198501141
244 2.537014492731939 2.537014492731939 2.6392652044123905 2.6392652044123905
245 0.7748098948658115 0.7836824624229132 1.554980633624244 1.5515764225138606
246 2.3552522686399016 2.432903563177763 1.3155910644728233 1.326167317223138
247 1.1657813822623007 1.1754733907077333 1.2287245406152179 1.2259210476215567
248 0.8459213359783092 0.824163378710521 0.5841743635017802 0.5677103131106992
249 2.4456283461769113 2.432954659818844 0.5591817418149128 0.5570499689124069
250 3.012840574775542 3.0090374076457373 1.7294947580345756 1.7372309238325634
251 2.7959631639728864 2.7959631639728864 2.0601476893478496 2.0601476893478496
252 1.9324816672931366 1.9277751018864757 1.6947381922296083 1.7017444526627132
253 2.9705429655975317 2.9705429655975317 1.3812851596980082 1.3781837369203358
254 2.5629291429838994 2.573379385856116 0.9909070818511667 0.99290130895786
255 2.8535146732245797 2.854475860991377 0.5172720189369433 0.5205597273895785
256 2.296054813240922 2.2931527484952365 0.7889843538086552 0.8044366880842684
257 1.930092259828577 1.9328499300941815 0.9791031286315574 0.9687722178961652
258 2.392244863317264 2.3944137285453024 1.6115934891933001 1.638365970952349
259 0.8660836458346538 0.8689481554614522 1.2371540040993163 1.2334676702400353
260 2.5582072799902886 2.584739819919148 1.0630065944778084 1.0661802635316688
261 1.9147042426712324 1.9119536216195396 0.8811631973970103 0.8774731535761793
262 1.411524880584731 1.4117526142142278 1.566895508698545 1.57188385825855
263 2.878755912014739 2.8603196029582123 0.49367052376222165 0.5077458132262734
264 2.188578288235454 2.170686874028721 0.9374835932678316 0.9445025693784717
265 2.7649250844615723 2.7672240970435653 0.7515281087263689 0.7474248896969431
266 2.4274034418238575 2.419311029758598 0.4156570405269815 0.4168505492747937
267 1.5349466807348864 1.5476874582433726 0.7813600119072789 0.7848963657450853
268 0.42647888929784084 0.4471238284216529 1.7784318991614454 1.7837245178040344
269 1.5750177170008404 1.5922946591745166 2.64076122411791 2.643425765697149
270 2.629904000761463 2.6407962951130752 0.5689948061244638 0.5816751013867029
271 3.123333766586368 3.105412596812485 0.532709085731249 0.5559746846040193
272 2.7775849165643263 2.773983432048424 0.5031627558637674 0.5078214266108725
273 0.4576358175317637 0.4561465434729022 0.9395107290377903 0.9372227477105141
274 3.0070721241889227 3.0123246759771254 0.7240880080398189 0.7255228623085601
275 2.7353876974499225 2.6971424441063676 0.9925276314588823 0.9902750785765663
276 2.8828012373567207 2.8741805627040966 0.8609424865201509 0.8546723481181938
277 2.747291945759715 2.774749302387595 1.3399727766057756 1.3286735919494852
278 1.1837876002232008 1.185674481069442 0.9064089048220652 0.907797517661635
279 3.076195636416119 3.0642137641409324 0.5583650832875723 0.5555435056469882
280 2.8331583226087353 2.8383853473512795 1.2275306555431078 1.23948193902855
281 2.284267848633285 2.308494667181526 1.0665590635582907 1.087309158274591
282 0.914248353875456 0.9652024410343448 1.5599909508514522 1.5454252813752511
283 2.2746484628075123 2.2845701162575103 0.8017743912484424 0.8062662464152501
284 2.95037780529634 2.937601871861741 2.257154971000537 2.256327163455481
285 2.3765576904551446 2.37149829287067 0.9496827433318964 0.9518120929549742
286 2.7515151284818753 2.7482853266718474 0.5060214828231885 0.5070949517839962
287 2.2389775213239114 2.254934487790572 2.3681830292404835 2.356254388461413
288 3.0575735839514677 3.07106192906628 0.9240460134290139 0.9230196975921504
289 1.0796618102373838 1.0734847356742543 1.1726795519585294 1.1690853541565918
290 0.5649196058726179 0.5261796234395684 1.291531627085371 1.2261767774984333
291 2.104127972480293 2.0993449887440647 0.5940290037855909 0.6034279447337388
292 3.0589787818946457 3.08736795446195 0.9272419067121819 0.9237011051802008
293 2.719466596408154 2.723527273014651 0.9893682472478068 0.9817839713533095
294 1.4856534351680044 1.4722188897444095 1.6429521977870405 1.6446453001352492
295 2.239895262600057 2.243001641363315 1.7203044163688086 1.734526700259643
296 2.4458143690665204 2.4337428711580666 0.5570291859741406 0.5601572881308353
297 2.0943951023931957 2.0943951023931957 1.1082959110250625 1.1082959110250625
298 0.7021823093738129 0.7137689890609524 1.3082849390166784 1.3003287629273184
299 2.670858054684181 2.6299395981977653 0.8313190796111793 0.799462805660141
300 0.6556935773269844 0.6714405551636501 0.14446572944129893 0.16229855547779817
301 3.1381418895536193 3.023678531867416 2.989788110238843 2.9557777321033267
302 0.10871691798734315 0.04522026045075933 0.04271721952885112 0.005896377709211402
303 1.3632277751061335 1.3701688243711254 0.37509706943533144 0.3760722351180888
304 0.7576754060425421 0.729306012685383 1.0506569757178144 1.0574230126393616
305 2.8266392066030983 2.8451373298248983 1.4813600183443658 1.486471241671385
306 2.811342123760146 2.9098296490279227 2.1894904565729485 2.20015943284054
307 2.5316232735363426 2.5395615635417106 1.7455987696943613 1.72108401941105
308 2.532469233852079 2.3843743456817896 2.123578214226702 0.2524150121602764
309 2.9250316799288503 2.9701165288983398 2.3956964071859628 2.4200629507783047
310 2.174794759524646 2.091773266377808 0.08730070996607833 0.008692831504535509
311 2.917846651371545 2.947959674171918 2.855942102561729 2.879388298270312
312 1.9978840799981896 1.939244611519658 2.3239900663788116 2.3321307277992407
313 1.989212073757216 1.989212073757216 3.66657724791844 3.66657724791844
314 2.5252157891695743 2.5464589246111227 2.2060357519961777 2.232535357844822
315 2.7573992620362127 2.7175283017418344 0.21689456499521495 0.1999518063793796
316 0.024666905389919357 0.02369239426181539 0.14587052300642614 0.13437889950301454
317 3.1180312385370317 3.1404982578688094 0.9023204292364704 0.9064746991602006
318 3.1124153541826383 3.1124153541826383 2.677859938308954 2.677859938308954
319 3.109404500246422 3.1053225192425153 0.35145765200690543 0.36497974662697813
320 2.140066862384775 2.1573930742708 0.3141174218225781 0.2979154733597209
321 0.27735566872086603 0.307454680817477 0.34706427010169416 0.3501490910231721
322 3.068569799933511 2.9344225927800576 2.711441680312641 2.6418013175396595
323 1.7313820671914093 1.7337667375242471 2.3548973162914084 2.3500978393481793
324 2.293595541718294 2.290345600922819 0.8600501320918637 0.8728174699830431
325 0.280201747762134 0.15138359536445148 0.5293644928319678 0.043473597835609674
326 2.4751130171173052 2.5015009654183915 2.589845186646083 2.603867010044784
327 2.8248518338848845 2.836392400207068 2.235844049018986 2.232085611224802
328 0.3001276979817518 0.20325139527982153 0.3509514997498039 0.31453431676056137
329 2.436809367326754 2.4502975053860454 1.8816701803369944 1.9023941616595845
330 1.7029684273452135 1.724195626641776 0.32829473043843616 0.35165339805237994
331 2.345205623884484 2.3471137749765627 1.9197217080493043 1.9027597923621482
332 0.2349760182224331 0.16412091690633787 0.1514559609168507 0.10615708554504973
333 0.10535387449972475 0.0009563375084810296 0.12004929065827628 0.006462133272223274
334 3.08487612157896 3.085446170693216 0.9639764161801514 0.9597433259360872
335 2.1693535214236346 2.154207672234374 1.3012970116686027 1.3100856992619352
336 0.12593733657785028 0.001924416173852428 0.12719820187095898 0.0060347670370313935
337 2.732939332049547 2.724189017897702 0.9409451866742689 0.9140646901667462
338 1.857647232659256 1.8485307378518276 1.5359629865805864 1.5277495997099777
339 2.79509008781892 2.8360245382070612 2.86225131936807 2.8511296790903358
340 2.9452688005893184 2.919188629609881 0.35349523078992817 0.3561874930492999
341 0.9673587262071542 1.0875802234991419 0.3004348627161964 0.24044887867440487
342 2.046070479184136 2.0597448520674333 1.6374165775888259 1.6610412689475218
343 3.018642942078244 3.0183381580089335 1.6559308721708357 1.6461109199420498
344 2.867314207562861 2.878313664129869 2.8272190515667885 2.8364814949155877
345 3.1331287892119737 3.126807277577167 0.8375171550708983 0.8481694217797615
346 0.5296624916954028 0.4061443410369419 0.07020425434476887 0.06082631574987614
347 2.8767273751797715 2.879616063922613 2.609253573842588 2.5796909388197258
348 2.753139824502862 2.755552546285723 1.157242392734068 1.159949094144621
349 2.762790026649464 2.7629899417464694 0.7336816787553577 0.7273333856977635
350 2.650337221223773 2.489869849363104 1.6915742967700522 1.858833082605801
351 1.5130394824146352 1.5148805864967927 1.0258719289416767 1.022838518265545
352 1.9761980970855513 1.9584145739601535 0.9009752837789499 0.897083868539111
353 2.5472666560798345 2.5343536386667114 1.452350542648292 1.4614706691474173
354 1.0561129637676625 3.140636792685859 1.8392409366622309 0.8263066273966969
355 2.033320337283786 2.021964905506767 1.0011125774709642 1.0103447356529913
356 2.0943951023931957 2.0943951023931957 0.566568220100093 0.566568220100093
357 1.5838530464630725 1.5761430933555576 0.24316842771955552 0.2251230313292741
358 0.37031520150450864 0.3661608313514698 0.43410558852160813 0.4219832167153201
359 2.237334772758824 2.243398257024307 0.10784850857726296 0.1277722919999447
360 1.7002902346258815 1.702289557749558 0.6082754109668157 0.6244146949223133
361 2.83896473404388 2.827083540686066 1.801997478733345 1.7655277523559043
362 2.797445521724588 2.8582325935965827 0.6719019963413144 0.6709688783495695
363 1.2183801746173566 1.1768480656057914 1.6497926436817067 1.7018547847699723
364 2.950861370147341 2.959948025606588 2.5867502630306127 2.6333337152731615
365 3.0204463178298333 2.999836129258101 2.164634190708349 2.1468673529035165
366 1.6507080576790774 1.6191333983976544 2.250892093322393 2.201758398247046
367 2.30944978519736 2.273992380819207 0.2182097070648655 0.19486982923274557
368 2.458046104784418 2.4523718839878015 2.391840503224464 2.394921148342642
369 0.009592177944706706 0.0019875156645405 0.031446918629795144 0.0065061951392176715
370 3.1217896067702138 3.1290492656689084 2.3630942474413255 2.3878162910629896
371 3.05734372418711 3.069249178523698 0.07489367588287008 0.005712437717801558
372 2.9744827268949345 2.980623597533144 0.9192256521773516 0.9241335811873552
373 2.8430719920230794 2.986786266915615 1.739130863855787 0.5525847280759882
374 3.076461332002766 3.070273945176749 1.7671036111368374 1.7585668457728099
375 0.27984855327077096 0.2658591898632667 0.6503207357113968 0.6533672511959413
376 2.07657980799497 2.0785768709259753 2.8111885742178946 2.8152427380421168
377 2.1490981548124672 2.164467796115559 1.808513970951822 1.7954571007364546
378 2.2742830718973717 2.272418715425705 2.1022566530361453 2.1132961360757356
379 2.240143672623153 2.240143672623153 3.2803934979568674 3.2803934979568674
380 1.8484075021867197 1.8103532079498585 0.6745343656575754 0.6603875626147783
381 1.4066223692541222 1.417690991197835 1.1200152601239468 1.108093014835066
382 1.310392682460626 1.1096662471829473 1.4879389038447008 1.6081738230312763
383 1.2636019067848823 1.2636019067848823 2.1954933123706466 2.1954933123706466
384 2.1344779934119393 2.1180765760076206 1.1859511824334006 1.1804473782158145
385 1.767431476741808 1.7676765619518884 2.367382493178601 2.3279463023174727
386 2.9116126294516866 2.8870683957935697 0.10675111835692122 0.12377276455097455
387 2.662815829262473 2.6856949864189636 0.46198697201089484 0.45199653096883696
388 2.212233095848149 2.2215591677460984 1.155281498755809 1.1566911072095871
389 2.8751570284585815 2.8534703792552403 1.0104796621899519 1.021125574054178
390 1.8357112411371141 1.8357112411371141 1.5811690364211888 1.5811690364211888
391 1.5611153325397948 1.5871420235089886 1.0679224463410388 1.0359528187632014
392 2.198328704054472 2.1522148330971027 1.902701869057501 1.9638163007045686
393 2.668511539808704 2.6705730479310197 0.7151855377937759 0.7173743434628151
394 1.2397664272703437 1.230501747307743 0.8591457589440418 0.8557332480148138
395 1.3273963289610193 1.324521336160961 0.6445171033930995 0.64356817181723
396 0.7659995080422407 0.792996184542124 1.1723984086145567 1.1605937641999116
397 0.8844024583980589 0.8844024583980589 1.257187339198617 1.2566551708100935
398 2.568362871803385 2.576288618157652 0.7789530464088442 0.7770123094971995
399 2.875190247151695 2.8880343896311516 1.1944449803783477 1.1890581813278924
400 2.401426375327937 2.4451601287274483 1.2526960398797415 1.280750908975319
401 3.1405309129748167 3.1332672247633377 0.8398691553246711 0.8323303680016676
402 3.108941200532145 3.1122129309940063 1.9564694173646695 1.9640174658816363
403 1.4385121097134983 1.4597228396251178 1.7091630379513618 1.702504428874437
404 1.2468603495863013 1.2907869253748594 2.395917065494309 2.4112647126150506
405 1.5792293340896695 1.5805865618187953 1.6515389375452827 1.6519575289082178
406 2.5457422438150235 2.5032301536029355 2.6447001338810012 2.6439650741128604
407 2.414182087815611 2.4275959561667677 1.342857268333401 1.336422496699266
408 2.7517366326628645 2.76418977648108 0.9390678971682898 0.9451909046153426
409 3.037521584263349 3.037521584263349 1.5248926698688607 1.5248926698688607
410 2.7082273496102434 2.7082273496102434 2.9292598103085994 2.9292598103085994
411 2.857046265622693 2.8470612497560164 0.7150521546574369 0.7194441115904275
412 2.813224401062377 2.8056052723365013 0.20256513510161828 0.201940719608716
413 3.0660020812360735 3.1081860770946856 2.1806433099331226 2.165846801521303
414 2.268827963956536 2.2483333726310035 0.7374197886756367 0.7092025686637956
415 2.9218846551258544 2.9169330914823495 0.5851672144619651 0.593982533907768
416 2.299059199109506 2.3088937755684102 0.20448888231593637 0.2222020217642706
417 2.910749412303252 2.917296343393032 0.7820429810161642 0.7716334330099005
418 2.8285865037148343 2.8271218767916313 1.300690645122002 1.297338973144653
419 0.647258425093334 0.6383913709217465 1.779665246444983 1.767954756380473
420 1.161541958279355 1.159713360633834 1.356700014753291 1.353042442093025
421 2.2620053285528834 2.2732229383259797 0.8060421763607498 0.81212477084482
422 1.2498052822143624 1.7613347791890706 2.1665586536052985 0.9207900748475861
423 2.800482935861199 2.7899926448909467 2.041030082659297 2.051319093579773
424 0.8637675065718917 0.8632868736964093 1.361478488391202 1.3658156215226007
425 3.100533549360826 3.093663148348658 1.9959069500875888 2.0068050658552647
426 2.949733496993007 2.9528658486092287 0.6527980479046912 0.6516049907432307
427 2.8299528612620564 2.7875896964993387 1.2240708969679428 1.239932683414592
428 3.005232297693616 3.00813255883405 1.583647965007849 1.5818290110041953
429 1.8914790234885523 1.8918628353153975 1.912752225210382 1.9159243909790833
430 2.7338390717117296 2.7285216012006788 0.9084668515965121 0.9117154421992311
431 0.859418112300477 0.7483269904664696 1.2113209387337136 1.2093994704231692
432 2.4812259997440615 2.4442139611583835 2.6147231723414937 2.649739634417216
433 0.2871494576909683 0.2646081386223916 0.9738624369496294 0.99766789759029
434 1.836637228063597 1.8284576944357362 1.0684919627126848 1.0830281666506894
435 0.977932310087043 1.0091890762522626 1.3432828598744637 1.3601380937242689
436 2.5409949575794313 2.5387132231473686 1.5289624255032466 1.5424958270233506
437 1.9426962576034197 1.9426962576034197 1.2814322891022483 1.2814322891022483
438 1.5233845566670061 1.5011525497547749 1.4838948797108946 1.5013806840349737
439 1.2366556098442243 1.2241873407446042 0.42301363302706924 0.4228039897021185
440 2.5733675747126865 2.572120804556004 1.4866468224686875 1.4908603744599305
441 2.9477114772811004 2.970969119912768 1.0502001223468287 1.0534822740090748
442 2.844843995440889 2.8430994990140674 1.7463893692927666 1.754022918880714
443 2.4663374948665004 2.4448701438060354 1.279385747838466 1.2790304156986454
444 0.825626302918407 0.8210094192135811 0.5156726838763451 0.5160583379327656
445 1.4203539689845046 1.4230565151723258 1.2639168449118354 1.2654895178398093
446 3.0598268775893485 3.0598268775893485 3.368147711602502 3.368147711602502
447 2.886377958553187 2.8783709579168186 0.4585027419395455 0.4641791099884189
448 1.3664457053158545 1.3324503295131809 0.3323234030690936 0.32936737915290454
449 1.068592763427652 1.0443971683541224 1.9741277079457709 1.993371642424095
450 2.832613129646379 2.838328207836923 1.5099795056761884 1.4997161507408254
451 2.738454717267003 2.735649388453085 2.29048982259279 2.2751542199834627
452 1.93984691879722 1.8862686653316543 1.773348641274739 1.762855329824158
453 2.4769821010921356 2.471227194448067 2.1955532334110166 2.1861820412726582
454 2.955245457946556 3.0087557759878765 1.9876084864910255 1.9980958907050208
455 3.1175341065885767 3.140827533078018 1.5820228844410622 1.5680378335432676
456 3.039946760769769 3.039946760769769 1.9477079338279115 1.9477079338279115
457 1.5024799068832233 1.5024799068832233 2.248697576767292 2.248697576767292
458 2.1979417526601464 2.1945674876225834 1.6775084563107667 1.677934585286908
459 1.9421423136101763 1.9421423136101763 4.095480534422394 4.095480534422394
460 0.25447154351070705 0.23516833982267327 0.30990784400817467 0.2856715028204997
461 3.0706749186602065 3.0714457153443337 1.1441078161805607 1.1676111656469939
462 0.6399694121552734 0.6402506291200604 0.7388071295988113 0.7397167019410045
463 1.0632122909913504 1.0588230627461095 1.1344618879420396 1.1263868989860581
464 2.5302378034431023 2.5295856783317725 0.90470246616113 0.9084043798535211
465 2.2733359922569765 2.180556240118755 2.7940447238885926 2.84738357190273
466 2.9642655864456646 2.9493622590089923 1.1484308893046669 1.2547472515136013
467 2.3517363593157254 2.3455275061807948 0.2982476977059977 0.2978975801327973
468 2.566479603935211 2.5934473413750814 0.8847992812118837 0.8850583505744661
469 3.0142568872108497 3.0178788101217027 0.456927780245785 0.42870122862878707
470 0.6132760539529042 0.5492320679728062 0.7108240650803224 0.673266760299379
471 1.8446497907098067 1.854768836923717 0.7896927208410829 0.8236464969025176
472 1.2152374410375992 1.2242305327970595 0.3600873182525699 0.3594684838781648
473 2.8554219389948003 2.850017910744226 1.9164028852129418 1.9175573846738938
474 1.7536405254542782 1.8138705961451045 2.4873372679597385 2.46509561325099
475 1.292669284551466 1.2853918654164895 1.5793381535070783 1.588705286654748
476 2.8477111807525497 2.845789311763067 1.9934586671736498 1.999133932628815
477 2.810580680408428 2.7765013064234068 2.3257245800498185 2.3428712796252182
478 0.8545692225429238 0.8799014755064409 2.3354482824876035 2.308633241502015
479 1.639067595856246 1.6393640605547564 1.1605667788868381 1.1586371178112358
480 1.8823855382931771 1.8724598012468323 0.6112695827794263 0.5884129433319508
481 1.544590260211177 1.5439674606893556 0.45167526422597476 0.44981352143411585
482 3.138335396288963 3.1401889297426955 3.2977330771474995 3.291829006649854
483 2.5485195079096914 2.5544611501472114 2.1992509172620562 2.202928358286763
484 2.7464788621808993 2.720707626794694 1.7840877901205718 1.8170521885726076
485 1.7774871746964387 1.7494910598065672 1.5462359320681067 1.5411761582806938
486 2.81320200935026 2.808691189168224 0.950554343844717 0.9516932125845021
487 2.4796043728363877 2.4894535295844866 1.6232120605192086 1.6340034612671428
488 2.176564066099591 2.1747421034501078 1.5847639196967283 1.5847745232907546
489 1.2196062423270901 1.2183987476806 1.0226666035128371 1.0251164026183046
490 3.016131877386541 3.0223609738795716 0.9174176044031411 0.9185209592173036
491 2.546598909802254 2.546598909802254 2.2006612109152446 2.2006612109152446
492 0.5894819384236083 0.5365242194565214 0.16151552314871864 0.15912020039930688
493 2.7815349467331902 2.785324072887116 1.0036197807617082 1.0031374578323435
494 2.504466249941049 2.473439186481476 2.1587388481472614 2.159400549783269
495 3.1286908888112497 3.122545089534049 1.3480367194326668 1.3518154970639502
496 1.3867577807750133 1.3747835226712835 1.7116020303919497 1.7103966535387403
497 2.749503609795379 2.7684756058257833 0.9366600180162091 0.9399007988248436
498 2.6226402147004686 2.6076744964723706 1.7311575485321895 1.7201034859053363
499 2.280807770307566 2.1712528638239363 2.4833089542737476 2.247020166767789
500 2.0943951023931957 2.0943951023931957 0.9446329876875476 0.9446329876875476
501 3.122108920275283 3.1318567292252157 0.1717476878801961 0.16492515452775816
502 2.1356252546367966 2.1501138706082066 1.0476039518660991 1.049254593923737
503 2.5601359702287088 2.5460523624768516 1.4720870206205134 1.4558698127335956
504 1.4015301664403879 1.3714610890796342 1.1069786488957147 1.0954965952786169
505 1.6402799715841443 1.6335106579047314 0.25806909076129236 0.24766354191005382
506 3.1264654170515045 3.1213192656690483 0.285858128383377 0.2972279985923517
507 2.7070177109668316 2.7254163375677423 0.5027634495344984 0.5151724157850537
508 1.6527465292902774 1.6644114165931652 0.6327169197243744 0.6337753848318298
509 2.2187970514733304 2.236470572651307 0.8104475499916914 0.8072593882587804
510 3.1407435102816272 3.1351041259171666 0.2908089237524594 0.28977744371921027
511 2.9636979487185884 2.9684041089251036 0.4737171611260425 0.46538601720940515
512 2.5889132553731184 2.581130399403412 1.4790746914397683 1.483928257360058
513 2.957625738915534 2.976287428893182 1.268479640607432 1.284674144421718
514 2.417409544015102 2.376907868511814 1.9220652659243886 1.9553180931821013
515 1.590845222236111 1.6020286086338524 1.1232222323426706 1.113794699378142
516 1.2341221868511127 1.2578296229207966 2.5009593060362625 2.5067272872179145
517 2.318686444622749 2.32500813918671 1.9015493833586383 1.913202769938534
518 2.6470587412183884 2.6420927748999374 1.4605840984989966 1.4771912087610495
519 0.15470023291629031 0.09204400920809508 0.1060515756647768 0.13776474432342675
520 1.717525104796708 1.7239265587071582 0.3872645210005508 0.37606654482074303
521 2.337811112951351 2.341116044276561 0.10224081121084165 0.1038599513905651
522 2.497292852199104 2.515279851159783 1.3822617554671228 1.3968670223463269
523 2.6626776891369484 2.668340409395014 1.1376008353778826 1.1371397962620617
524 3.0170393931776083 3.019172710095804 2.226992504078991 2.2436544245440038
525 0.7320665462325681 0.730111491461333 0.269101538634322 0.26370999884963936
526 1.677418296756228 1.6960512214721404 0.6450836062865654 0.6421951224755947
527 2.3243783270383607 2.34248067749673 2.139226580670699 2.1311905785576637
528 2.821491499588885 2.860921700970177 1.0097492398006422 1.0052813282483266
529 2.1332249551694717 2.1089184165338106 2.0002110471771566 1.9821048920294078
530 1.3178777789353506 1.3027481864287511 2.714889017601072 2.7339676710134793
531 0.7774270462659412 0.781861981652578 1.0120273450042878 0.9971698777606155
532 3.0967787462587695 3.096015887418957 0.09343590533951505 0.16974366909138616
533 3.07807712183416 3.0785814760876637 0.6794512181741071 0.6430146489573789
534 2.8490033895800853 2.827867954143747 2.012668638200127 1.9939812164196653
535 3.125603520089514 3.1239806039279605 1.0043861058533803 1.0006802209850856
536 2.0038409347558503 2.1164457506730083 0.4160160513567912 0.40907638819873837
537 3.0275929984411407 3.041347326708559 2.174709246789952 2.178718848650263
538 2.5263278334518806 2.4717137897208947 2.044216436551775 2.07494377262304
539 2.7881043648520114 2.798918099991389 1.0229851793067857 1.0081707956786032
540 0.3270128165203693 0.575948196077885 0.22147579917232382 0.15522526649222645
541 1.575334917783161 1.575334917783161 1.349547814343326 1.349547814343326
542 0.4220392984025774 0.4308245815564678 0.5460937499953593 0.5335136689420259
543 3.12934658621646 3.134403114690196 0.34903460054705016 0.3434810319001831
544 0.013484157875093404 0.001045580873774359 0.018401974410208004 0.006271435621191007
545 2.3753223311809757 2.368915877138179 1.4271706348041895 1.408677827754098
546 0.9013697870776655 0.9112629710341568 0.5527309965728691 0.5449840066631968
547 0.9235920727856739 0.9992365863156049 0.8936632002977302 0.9078913428431735
548 2.825248073295454 2.690686354089765 0.7931542503450486 0.8307976761973961
549 1.7275990251389903 1.7333987128006296 0.8288588396428099 0.8358582198704764
550 1.7163974173643342 1.7011183626042976 1.366960045386593 1.3068458823720601
551 1.5908431690310723 1.5609713528110212 0.35648393112743304 0.3568707133207929
552 1.3880326047414873 1.3721890211873509 0.5176331943507612 0.5193617814049274
553 3.111846572108278 3.1184707382000347 1.8543025863931273 1.845092164018057
554 2.8398782449686912 2.8298222262764128 0.4019629060889175 0.40217545636460994
555 2.970598373624623 2.960123723646704 0.6574313062362008 0.6574220124718744
556 1.6490471605260968 1.6219090074965514 1.0274571345799774 1.0445826244198086
557 2.773853125765021 2.7953390455523586 1.817732926159532 1.7896038708265611
558 2.9136049264737958 2.747216104113289 0.14392447435840605 0.13659942731959362
559 2.0111007279843616 2.0271077566420517 0.6966337830247795 0.6986871746886327
560 0.31323985959954054 0.0062923261829441295 0.20961218551496058 0.14857520029009685
561 0.04446937257610034 0.018402493889619797 0.315894701837007 0.3567949680743581
562 0.7495285015964799 0.772381101669306 1.5610170166677892 1.5647108300994497
563 2.926577993991905 2.941299931939576 1.7449614834289715 1.7513560437032463
564 1.2993711564077968 1.297612207387229 1.251863401400953 1.2454482845833836
565 2.854709274704458 2.843142089408441 1.670732433893828 1.674497088546607
566 2.969600039145595 2.958602412204586 0.4882099170257594 0.4765120142524887
567 2.592942149490957 2.6123715006574706 0.7076446168055528 0.7204766517186182
568 1.9559622842521533 1.9172017117235183 0.7441373400544974 0.737913407903718
569 2.6337367585231384 2.6416668556874283 0.7765253633637575 0.7621698534623398
570 0.1721010894356398 0.0007420161903056105 0.03508565194741389 0.005880877162257271
571 1.03659173101424 0.9599944573297783 1.9754122567443462 1.952650786680495
572 2.968818238185252 3.0103792176664523 2.102251192124003 2.10418915390305
573 2.882345475245992 2.880118505908551 0.9887625592644063 0.99291462881197
574 0.9567060408933972 0.8919842849422178 1.0121300349563274 1.0218558814203285
575 2.2065245944085707 2.215591847938317 2.446101428600734 2.452656779699027
576 1.3073684289433627 1.33625441748036 1.1814180763011486 1.1830283193305144
577 2.6616932413982424 2.6291235008729146 0.29647043392963246 0.2773353492183162
578 0.8559366202522316 0.8310555866151728 0.25887393553284155 0.2557675825073761
579 3.0189746758485665 3.0130028486133673 0.8389875657360464 0.8207593879053248
580 0.2665024894900481 0.27257230415561584 0.38692365368789405 0.3896458281113655
581 1.9782926442321684 1.8995457919687526 1.1782710769850735 1.174761119387405
582 3.0174993277029625 3.023206348382596 0.2517329991948608 0.24612054007127523
583 0.41399090957108253 0.37764707201648023 0.5204393956480518 0.5175620352798943
584 1.4416794024728437 1.458144776145619 1.895438442351676 1.8949491805579095
585 1.9580311340347452 2.078002688328074 1.6410961311289332 1.6991799258524045
586 2.823507465611742 2.8170395096626466 1.4619312045783504 1.439599040679652
587 2.7049548967400354 2.7049548967400354 3.474517007144252 3.474517007144252
588 0.190061190966753 0.1751510409135042 0.26169239718077036 0.247996136787275
589 0.7609049439393478 0.7330669032646083 0.801743081820392 0.7914604816286858
590 1.3798169677794632 1.3964875342326943 2.2336095511642178 2.204924620483925
591 2.9007211450971857 2.896204181753484 1.175334423107127 1.1674695254975782
592 3.1259307598723773 3.1361482716204656 0.21586167126976324 0.20890195937867692
593 3.0175533299821935 3.0054000368526657 0.48534587631826553 0.48148406383369474
594 2.0725821010243832 2.0580522590477215 0.5706210712373512 0.5922776092622538
595 3.0612181508035143 3.1352577552502128 0.7622238778113284 0.773481660138105
596 2.7515565672645232 2.7447077256067667 1.0532992628779436 1.0485420095251479
597 1.503964733915308 1.4648585136700538 1.2243967328844532 1.1865470128111393
598 1.2570732071828854 1.364722748665139 0.42835568670042823 0.4321832242294566
599 3.113962688027068 3.1387934886832474 0.46773603408223896 0.45240513701006135
600 1.9084666014730156 1.878317225175281 1.74164535293082 1.750421077516359
601 2.138572786692649 2.144140141012405 0.8375187168116869 0.8319479205157275
602 2.43668710530398 2.368257556632969 2.453171594055165 2.4636877026749335
603 3.012711433061658 3.015790560116487 1.1397346944713176 1.1317975683088726
604 3.0010356332708517 3.0054698572542886 0.442240833612089 0.441938431608643
605 2.2013482231897465 2.1934961408353946 1.6595370188762628 1.6509050679048405
606 3.1147498544324503 3.138476667119449 0.2437379539296466 0.23962331240860607
607 2.7131136362733126 2.7250967986120327 0.5368088719360582 0.5513395151040186
608 1.7936826529777106 1.7956456642080945 1.3105867834918346 1.3086118455308293
609 0.27263609576597947 0.26845185098705504 0.7158581244391115 0.7158899667739734
610 1.4615662091289934 1.4678694467034636 0.7303095029891821 0.7139419295127907
611 1.8181769845338687 1.7840166042605656 0.7607636804281451 0.7581707164824804
612 2.9439249163173775 2.931603116989057 0.16369670871437608 0.16207376910459992
613 1.3151877546392883 1.3204308509238833 1.387280988988282 1.3907947807223724
614 2.23146731714752 2.2322616773541264 0.7169106465183169 0.7220655342064736
615 3.106741569324743 3.109609510543656 0.7385544941318102 0.7442879743046817
616 2.48253363521324 2.508635057740742 0.8554863221116289 0.8627910865648484
617 2.974628884052526 2.9749715257811427 2.705378503372479 2.7112714169415693
618 2.601112536096509 2.6205075208614512 1.1604308725699635 1.1892784918502795
619 2.3472450629002846 2.342713552076304 1.852840914934224 1.877534730956389
620 2.46678475304993 2.558329166970289 2.152687419031923 2.1718703513454636
621 2.4593576231875316 2.481462079991187 1.0644960370530023 1.0636952644026894
622 2.7207301895987115 2.7233393622398627 2.2202863529076886 2.225905809460851
623 2.627707309077831 2.5991644985481144 1.3118361550287014 1.3113844995108832
624 2.5446461414681876 2.5250155172837476 0.6745069400855476 0.6660432812587618
625 2.3273006079865683 2.3660493090515575 1.631377220879504 1.6290432163284976
626 2.4316662570830014 2.428579878745837 1.099649478815459 1.1101236989568606
627 2.7301752617918926 2.6939316687917465 1.837826733731344 1.831931904671414
628 2.694005136356656 2.791219397628909 2.5292297915071305 2.5293947290316576
629 2.510293809821432 2.472922943129113 2.4361045076131576 2.4436450124452986
630 2.551327440271531 2.551327440271531 3.2605174055221386 3.2605174055221386
631 0.6791627207347409 0.6814202655201052 0.8113225190220505 0.8171617568304637
632 1.4360287221553263 1.455736128642833 1.3710462040359346 1.3834650686145364
633 3.1071560268749012 3.1048352350071724 0.3074665170268856 0.3038910926872447
634 2.8114767545521304 2.824309477564841 1.1669082793978873 1.170090581928128
635 2.9288766679475913 2.9251820750831237 1.1936335141712195 1.1868882145785815
636 2.100367267722403 2.097449748807329 2.5005666025377296 2.5212966728823965
637 2.2746309413021852 2.169864867326218 3.5512865810855256 3.5653716912112934
638 1.8671464773289967 1.813256019247543 2.1259689206305894 2.106636880228384
639 1.3359702593450324 1.3359702593450324 3.9440797680667705 3.9440797680667705
640 0.7962817695804223 0.751684708217018 0.9210887565779324 0.876872264274785
641 2.604254543221764 2.593563331753135 1.7861615094513377 1.7843921294925076
642 0.230367565932855 0.20778225227130231 0.10050618438455061 0.10376962226478936
643 2.930884193335066 2.941882862813385 1.5537238858827627 1.5377132559673716
644 3.098192326646411 3.0997790919108983 1.1918771576755745 1.2127707808250485
645 2.9004335342531684 2.9001206206524555 1.687089213283066 1.6875434220851901
646 0.5177588797581184 0.5208905209943393 0.5522119018073162 0.5654269148322871
647 1.7892347230417325 1.8167012827192892 1.0356869835324134 1.0068909201875147
648 1.5137850763081047 1.5135364407179368 1.0093805613258158 1.0123816506062755
649 2.05367119118608 2.040569470736582 1.1829649186289337 1.1827783817420998
650 3.069651717352301 3.085431258933671 1.2140472577359314 1.2231964287668595
651 1.3236928366768979 1.2987652948367332 1.5428259664937551 1.5562765026026173
652 1.4853382473220569 1.4853382473220569 3.328623291259154 3.328623291259154
653 3.119535171180324 3.0882276938011395 1.4131620613830465 1.420940834561356
654 2.5469957891793573 2.535666169738175 0.5107923947532118 0.48339317870705356
655 3.0043408783133234 3.0217501088154215 0.808804122059244 0.8601524619078265
656 2.3347430781287253 2.309597513661964 0.9700891808656643 0.9782141786813391
657 2.439220864956506 2.507013453470868 2.4868355633245844 2.443877916370561
658 1.3224503470079487 1.306805362638326 1.6194488002247807 1.6210200601847777
659 1.909176567843223 1.9281122305554999 2.95822649852358 2.964637867156072
660 1.0616124805816867 1.0534407632454121 1.4393085252069309 1.4278665344339498
661 0.9790521361447148 0.9774284935524562 0.6334552907849686 0.6364364354066723
662 2.975213948650893 2.9880033830220185 2.4643817326441524 2.475524917401674
663 1.1482395770355722 1.1412920989993653 0.8967108947085899 0.8928351263539482
664 2.953358509138033 2.9480439810687873 0.8330009672627865 0.8514830113210199
665 2.981751590255361 2.9593082481604944 0.8348493443585412 0.8216502350331029
666 2.514679001250134 2.5472259476457 1.6720549058617826 1.6761522918647311
667 3.1358657920448207 3.1040027716687266 1.1310923655236564 1.1390329614892005
668 1.85916719709905 1.8742207379100568 2.26966596227181 2.290572140796894
669 3.048071854148406 3.048071854148406 3.4530092750127785 3.4530092750127785
670 2.013904280387061 1.986311659658942 0.9929322124237517 0.9824822522443936
671 2.3530416214291314 2.3701097965249542 1.8772736094774467 1.8768031662873765
672 2.743591594257415 2.767957019045896 2.095394914085249 2.0927250486443
673 0.6431434517639175 0.6407060649703804 1.4806185288306473 1.4911879637690344
674 1.9069093304455649 1.9198318490688546 0.33661688440265747 0.34807905863339167
675 2.916757011179846 2.919379243467476 1.0008971744212856 1.0033051130504425
676 3.082738577244374 3.0780224099359144 0.9913505847314584 0.9955658590575485
677 2.7861451279268206 3.140279352864777 2.0322737257100565 2.1281874251467623
678 2.859509288667202 2.7444382310808773 1.2034746550592834 1.2534939184323677
679 1.9428045218300563 1.9566985447283187 0.8953557131174301 0.8848536411092327
680 1.6748607306661585 1.682863519365951 1.15243006354596 1.1575995811763948
681 1.0128393891109402 0.9672919909898088 1.0890563192785 1.1007063620323878
682 0.5254158454745904 0.3624748602916532 0.21905802085984052 0.3393808604865721
683 2.620967214772327 2.5985785008035016 0.5735007160538784 0.5519353441061066
684 2.9928278017273913 3.01194206595891 0.8119217729680841 0.8012632538142869
685 1.7629652473328439 1.7639554588331958 0.7150717173760528 0.7296770396448546
686 1.1363120093438508 1.15073413865859 0.333410497715121 0.3401400088034138
687 2.9187272995103704 2.8916178868304763 1.362374529343961 1.3573859655324514
688 3.1415738246886447 3.1410707063106114 0.27982440518200263 0.2652506966845208
689 2.7386979686791464 2.751582342997625 0.54934780267491 0.5483446881648282
690 0.5288714261149605 0.5191153471773279 1.1481931248135548 1.14513391167796
691 0.4686962362953581 0.10767805894831112 0.1799536057287533 0.12579567798391755
692 2.9256560821289623 2.9465998264803854 0.8921879291452216 0.8824316340705843
693 1.0855282670243571 1.0584150507798975 0.5800075244716526 0.567774454208058
694 2.6473872636739895 2.6414420507731093 0.6418008736997494 0.6390955706103457
695 2.7029479879419838 2.7357059278378393 0.40240268398629214 0.3977796576531711
696 2.814489088727178 2.816797093393787 0.41698238212978045 0.41404240768998635
697 2.7846097449201492 2.7889732615839096 0.8646552162880037 0.8654735369258507
698 1.388764295270046 1.3811956600976583 0.21425653173513196 0.21299948869831778
699 2.8392611237928707 2.845141574802881 1.0921572085114235 1.0773862530926597
700 1.2454216457753882 1.2435991198382006 1.3233091847555407 1.3121631966978364
701 1.3767822667270153 1.3920399978817573 1.8059450509129142 1.8176385564721955
702 1.8128326133369583 1.7822677933543591 1.178220688083143 1.1743588098828663
703 2.696967943386181 2.8413119366751918 1.854061179974444 1.8428843735947649
704 0.2676349960124785 0.2205635069599369 0.3161283377923277 0.2890065104968444
705 3.107440206126401 3.106637643248439 1.1753399430397038 1.156135226944456
706 3.1019209416106506 3.106064153537188 0.7008525505481912 0.7031731260378125
707 3.037204087592841 3.04284881168535 0.8219037462150895 0.8177302375821572
708 2.379890477783258 2.44690528510387 3.3353265645106664 3.393742850969582
709 2.907884961304975 2.906360994284776 1.7599920323070883 1.735731956640077
710 2.441485901889913 2.4300084222353715 2.2919569133919544 2.289982336775636
711 2.859151977450585 2.8467117763360394 0.9556289625714288 0.9594512572852317
712 1.355737564351014 1.3556187769950665 0.7124857174315294 0.6997519143379226
713 1.4014634540403863 1.447353826049798 0.5865135382828183 0.5969617310120963
714 0.3333552565794785 0.3152568351528588 0.5810582718834625 0.5704287812038334
715 1.8807374747032408 1.8745320133578833 1.6855869990247765 1.6788259371819827
716 3.022061700468548 2.9903739820468 1.993734579590605 1.9667557437546812
717 2.7513451828710225 2.75199185014664 0.39743911511139407 0.35290137125450366
718 3.061467747334324 3.0553083172455353 0.599243331039621 0.5991604208635648
719 2.4079603812300063 2.4149907799163284 0.20760636485966116 0.20836492355319072
720 2.868396225148303 2.868454598482264 0.38149112896150567 0.3838857984518761
721 2.884204220002315 2.883695540947518 0.6105746635470215 0.6096718222196607
722 2.4017020732662235 2.3938725752282575 0.8552234969694337 0.7804978659269616
723 1.4113809549388354 1.4077063714570677 1.5510696839579612 1.5448390646117274
724 2.3625444596076592 2.3623468694414176 1.5003036212637895 1.4992577639570825
725 2.966631247138634 2.95516214521286 1.9237543831053407 1.9137253688390017
726 1.5990651058011467 1.636420187460889 0.23497626878724362 0.24222846728035727
727 2.3310015039418204 2.3135910038975314 0.4388963087431782 0.4448786090565612
728 3.026541604287507 3.007446420998363 0.4254344625343832 0.46236685769291547
729 3.131188884731482 3.1413890621394343 0.605008876778319 0.6160465437033865
730 1.4844656552146243 1.4598248530227285 1.7771633445055315 1.7647768525461298
731 0.35397849332108694 0.39308487184872176 0.34862755360036135 0.34848560134525225
732 1.3639909746412993 1.4073296030893656 2.3339379038643786 2.2799950524663153
733 2.9523372103175887 2.948990296390274 0.42516728481343435 0.4139255023631169
734 0.894098957735539 0.8798058699633357 0.3297252229531075 0.34283808202356114
735 1.562704172000236 1.5603512722067734 0.9977576722852182 0.9873985956850134
736 2.597597579214745 2.6005427229969555 1.3393956749436284 1.3278135303442558
737 2.1902361437452336 2.3268444238164814 0.8879150627449947 0.8986208609721398
738 3.096588310904372 3.1165578177477604 0.37680659471218475 0.37495647169429563
739 2.897303389423072 2.9238492483275063 0.9471358489623694 0.9116671947174309
740 1.4440269777198835 1.4521778691416236 0.3985105927972256 0.3992433506656535
741 1.9823630064107922 1.9786288617869774 0.6948669374186446 0.6919962609752819
742 1.4844899018118427 1.5438687904219792 1.4962146654019182 1.5306257154339924
743 1.4997118901083952 1.4983872784224237 1.4654734087510857 1.4623183762868857
744 0.8038074273227444 1.0316382719848467 0.6419240043722039 0.6447067539707639
745 2.956230453743705 2.9570475979191797 1.49277114455576 1.4825605629249676
746 3.105524450391297 3.1206993716503595 0.7642573490925257 0.7740327970369937
747 3.1390991744896106 3.1227515922957347 0.026144272440649242 0.00844149942903326
748 2.9093435331731694 2.8960779300922037 0.3750234618719658 0.39078876754043246
749 3.140940792754112 3.1410644253699647 0.5928707997126771 0.5869076950029815
750 0.40938770506071925 0.40594850819062844 0.1882217036896316 0.19309815138744432
751 2.1384857303806486 2.134671125748707 1.176441614588867 1.1944909141426245
752 2.043827366689419 2.048545334955947 1.1940796266702844 1.1811220896176766
753 2.560174915468216 2.584725273188437 1.3008138861669434 1.2993960806743416
754 0.19793166006988078 0.22535233403243052 1.393560884040153 1.382371091277056
755 1.0084613113469012 1.0473036305581866 1.7236638874327772 1.7603729786377096
756 2.862903130779258 3.106353339521541 1.4009220554719213 1.3218036272942562
757 2.1845606892508758 2.1873456354992 1.1613682707581607 1.172344860289511
758 2.113457086030533 2.0861731522166114 0.23525672306176257 0.23146790632899644
759 2.5934287463056935 2.589477071463373 0.946318833225627 0.9543637420413351
760 0.8836642770836886 0.8244927322392612 0.1265681840407428 0.11951916615732153
761 3.1017804118588037 3.1051845649195924 0.993422079397835 0.9934436021878682
762 2.6670601901673803 2.68435649724914 0.46891864251425736 0.4597856998104109
763 3.001158712972637 3.001158712972637 1.9534610161662858 1.9534610161662858
764 0.7315467380086766 0.7379746555028973 0.3069620243795239 0.30724330538125383
765 3.1261640302759863 3.1222285323701464 0.9234295331996742 0.9469088131441851
766 2.220488664417179 1.3147450542650019 2.014153016398427 2.118982979562144
767 2.0818594860585327 2.0818594860585327 1.8621745635871385 1.8621745635871385
768 2.0619296235946285 2.0696940150258234 1.2164786325252026 1.222800426183469
769 2.0672533712034435 2.0427857388158084 2.4035934232660203 2.3952750624083525
770 3.0330494574291045 3.0330494574291045 3.575598342990068 3.575598342990068
771 2.7109070911711113 2.6922161605982398 1.8007039534800395 1.8358668964027234
772 1.4195609130413684 1.4018840322494586 2.098270256388888 2.092500919149884
773 1.8299675355549931 2.0256564361383096 2.139822037793019 1.933657966755507
774 1.8337127059677276 1.8251673646566215 0.6674486928431806 0.6748650558209218
775 2.1267279812510647 2.099757832410739 1.3436240991160735 1.3394045075164813
776 3.113226990210722 3.130906876995553 1.3213780210243198 1.3161802174708743
777 0.4254228737380125 0.41279966607663016 1.5772317789354167 1.5730028665925535
778 1.921773053614866 1.938512429894432 0.9347156702757813 0.9377521018052295
779 2.884416550731187 2.8821598361240475 0.6896476774497495 0.694926417640188
780 2.2841888839559017 2.413311375744665 2.096789130931592 2.2346366034742204
781 3.100302518858847 3.077336252910709 0.8674225161590429 0.8938352240591829
782 2.9301731497401655 2.9301731497401655 2.138020364490115 2.142156544923656
783 0.19796254746916764 0.17873828781057308 1.3686837279868251 1.3685576889187512
784 1.3328304993778832 1.4153358047923343 2.6026743154017766 2.56340232689682
785 2.8955594900343935 2.899528998955994 0.5646460950198373 0.5616984595653822
786 2.5384983895967332 2.5170064030159462 0.6119846549729852 0.6240113037529023
787 2.3976832150612823 2.412100903961603 0.23978225598020927 0.2456971109214145
788 2.981199507915426 2.9841757702329663 1.3707752023197177 1.3738441369201453
789 1.2877134356264954 1.2771354307855014 1.5964155151413135 1.5938604503480618
790 3.100272281383757 3.094467871379197 1.0041559773845132 0.9614591485313764
791 2.8853477585128133 2.8858518529820985 1.6564403271576031 1.6550396405322032
792 2.7378254827983666 2.696526059806231 0.9833560746025863 1.0185955176458372
793 2.028627493404222 2.02180693947851 0.9982534132109331 1.006229454835638
794 0.819674860474978 0.8145427368703642 0.8763722644874965 0.8809791936791203
795 2.49944903854057 2.5053758955850283 0.9963978416935589 0.9913204705814224
796 1.4158151568798225 1.4198645348442593 1.2467288591287797 1.2520420380923911
797 1.0384731106894198 1.0509839826988183 1.0918683741138382 1.107833681126602
798 1.480113920433733 1.4680865015708096 0.449281114103756 0.44025707847502576
799 1.852918939731088 1.8380852797323397 1.309038104204234 1.2908286264645827
800 2.1307307254961736 2.0988750207166182 2.6977584988462433 2.7228627935312097
801 2.9693292939643183 2.974230988988804 1.5252018420726274 1.5275209756733634
802 3.045542121667946 3.0415666528229703 0.8479471863450052 0.8484799296397249
803 1.611736566451484 1.6363877589403009 2.0162355353810084 2.0137470156978257
804 2.649979950339519 2.6551706455559674 0.615970910060269 0.6019683163459438
805 2.8936413694325 2.8584515277867966 2.6064432622363496 2.5885618318728034
806 2.6966702532379667 2.6934786732504654 1.8673874586966996 1.8512452218425448
807 2.8654409533096814 2.8654409533096814 3.772372603700998 3.772372603700998
808 1.435902883939694 1.4047461260602838 2.2088553923277012 2.211514032484608
809 0.5757653937746403 0.5747030923496531 1.0536850131718412 1.0545560273141852
810 2.295166315473733 2.3268671565868644 1.1473965223985119 1.1765073685958245
811 3.075782532388101 3.0993425629022684 0.6581422076575942 0.6624270996462633
812 3.1264000488469166 3.127178870833751 0.41551574020246845 0.4202219409515742
813 2.8467712383482167 2.854175492397982 2.200472412226449 2.4663179599945293
814 2.9362050043785035 2.8836817513269506 1.6462516884422742 1.6093928378014906
815 2.4218069420342863 2.4209466037564438 0.8296406346515224 0.8140642115418217
816 2.52252978393475 2.5457094656827364 1.8042071612038657 1.809080859891389
817 1.3098805457255096 1.309145426094702 0.352035660974051 0.3579582780475602
818 2.4505760513469546 2.4505760513469546 1.884195819375264 1.884195819375264
819 2.7281295578928715 2.695446149955876 1.8738995788817585 1.8850302853641225
820 2.9128331338236957 2.9128331338236957 2.551629488111362 2.551629488111362
821 2.7615858023509436 2.7438040392277507 2.2517608908863025 2.253594418982566
822 2.3978123375966534 2.4120019383563314 1.227312345047846 1.2200592486666766
823 2.631121264605067 2.614888113834834 2.1093310354911554 2.103733554946029
824 0.876745346248758 0.8992119825617514 2.402937337358427 2.3944412268218156
825 1.724811852781384 1.7249421918697458 1.9101747950754764 1.898079467521636
826 2.023985015757613 2.0125537558325073 1.5875779307696583 1.591175045223518
827 2.0313975381435108 2.02689421853395 0.26912627292358815 0.2752326763174827
828 2.302004045914606 2.281456309649023 1.5006570349080361 1.5029628080379538
829 2.7398724259392515 2.709014754000172 1.8627434202753972 1.9049319974600394
830 2.648082429532124 2.6448006089542004 0.9114793332699778 0.9209779573698091
831 2.174037682786004 2.1554267067179356 1.7311930146440568 1.7468489839702408
832 2.837975041192397 2.8346860086159884 2.5712642360011837 2.5764230904690835
833 2.7817360368413198 2.7817360368413198 2.740761567887455 2.740761567887455
834 2.6283621240083437 2.6283621240083437 3.5207308734944878 3.5207308734944878
835 2.0937656815456642 2.0937656815456642 3.9835880034661733 3.9835880034661733
836 2.9035973640446002 2.894643613654788 0.7682257582049007 0.7620873120659483
837 0.6296125562058835 0.6300584218600038 0.5834350456352814 0.5742992097867579
838 1.2234040276976474 1.2440794541853413 1.4768433352873038 1.4676770395668943
839 1.2713543131255616 1.3120421720294106 1.3294824868694115 1.3377150474547053
840 1.7742621063596156 1.7742621063596156 1.194247965509518 1.194247965509518
841 1.254841711675924 1.195044999370555 0.9967233232371099 0.9956940883635913
842 1.5073313631308098 1.5000375461177784 1.6286575059989767 1.6273284342959349
843 2.280137841959145 2.295313817559612 1.709754546999882 1.7781626868717557
844 2.054052648715481 2.0698056462653596 2.0247860866791676 2.0192260145691687
845 1.165595888563781 1.1312343422750544 1.4701434723823212 1.4640357335003185
846 2.209774227256322 2.2685572715704576 0.26592910851820906 0.2508972934803325
847 2.2704904033004913 2.2704904033004913 1.0266478518573459 1.0266478518573459
848 2.7510154191719693 2.7376212231490173 0.6682598653122354 0.6625725992090457
849 2.2506452655325564 2.246689442424156 2.146924519605751 2.112408441606359
850 0.3568562453654018 0.3521247617912573 0.3419606279509486 0.3418133783876865
851 0.34012396920610466 0.14688152174145436 0.1806843001377358 0.20200082663619814
852 1.416277930490164 1.4214511626604085 0.7180673658950867 0.728484058004127
853 0.7225053459067892 0.7225053459067892 1.3654297394736783 1.3654297394736783
854 3.048672254551468 3.1347663307777363 1.8956039126750872 1.9167086041902888
855 2.8035421872045516 2.8023548575213706 0.856567681280041 0.8357765796748844
856 2.3158333292013 2.3482947795501876 0.8944472226183962 0.8890057142958789
857 2.37539245278591 2.4065540689680534 0.7974434073726373 0.7908053510906943
858 2.9783745600481124 2.975064519400242 1.4274038551759314 1.4242760490919626
859 1.1251412110551733 1.1307150104183645 0.39629888572577915 0.3838719035297174
860 2.0841844269888603 2.097888657877702 2.7875773532415415 2.8100021374932376
861 2.873103764029078 2.8710589107305835 1.7912465241660869 1.7896720838632731
862 2.80573790295348 2.813958248629287 1.8063572038069555 1.8005799392481712
863 1.4269086331812966 1.406268713768379 1.9062682086521483 1.8960804333350827
864 0.8955809776132421 0.8815089424991076 0.972101760140572 0.933846513622791
865 2.3356175680915237 2.343162293263821 2.192157731694819 2.1595128087943345
866 2.855986218071166 2.850824855237018 2.688216383223584 2.6997807879708753
867 0.19561291004303613 0.14938963591492724 0.5436149839590588 0.5145465423720297
868 1.2606953623320836 1.4339465607830302 0.3076933500609977 0.2756969595794039
869 2.744241199046636 2.744454949531981 0.7381645857947582 0.7466001178621479
870 2.2552229120876315 2.2732822361559917 0.23613353200834677 0.24297657953025964
871 3.1370681873793993 3.1317143182269147 1.2044213381303255 1.1986672269803236
872 3.0118302066902833 3.024767507547433 0.2927911241151937 0.27823118200046565
873 2.8754339723561246 2.872485634804767 0.7904278550604364 0.7922941113624365
874 2.3417075000171765 2.345212959061337 1.2020111021382955 1.1878923121670497
875 1.8003378640952836 1.828486650459282 1.7330891265933697 1.72884556149052
876 1.8343412719496248 1.8343412719496248 2.853072492340593 2.8683695427763625
877 2.301486045293427 2.301486045293427 2.6291268145364066 2.6291268145364066
878 2.982004798742523 2.981720249510217 0.535376803482314 0.565116919416717
879 1.685589371715607 1.6585589814798964 1.9668303484675869 1.955417646958194
880 1.7728408060394654 1.7526160260053942 1.7864178365102599 1.7774279040473269
881 1.2207673652062117 1.2589409333116044 1.1528771367038055 1.1313696516489375
882 0.46485789775600306 0.37394162649131985 1.0202158678414042 1.034871889855642
883 0.3932493024305534 0.399907914357008 1.2965968164628923 1.2982241997345216
884 2.352187073687386 2.333237450804667 1.7945548196224157 1.8180535489790146
885 2.087508014944765 2.079538171413024 1.1882334815449145 1.1873268934550256
886 2.137069559813792 2.1512282927223203 1.5252038366715481 1.5140303715943517
887 2.209549341982546 2.2040949057756984 1.7357850770012626 1.7182690247247083
888 3.0701313655792624 3.0872452557628165 2.165102327212713 2.1330416108447894
889 2.3156756493275665 2.3177894861851507 1.6412005854479963 1.633412899048012
890 2.136766347228552 2.1534007303976614 1.3418650642064525 1.3529671043160083
891 1.44930062261357 1.4720674105910023 0.3004430321084293 0.3000378796393335
892 1.4590806069635762 1.4687769875190773 1.8391099610636534 1.8390616369023136
893 2.554520551658343 2.5712798079262065 1.5041594752264962 1.4963155496098886
894 2.5522773069223 2.548561175178072 2.1786042251258335 2.18051201044087
895 0.9447949386831733 0.9604986790795841 0.6830727678289437 0.6718806214668777
896 2.1064540350247816 2.101918138335525 0.5584071310729605 0.5594836913153376
897 2.2511773104431483 2.2519390362054645 1.5917783184813785 1.5843671072148382
898 3.024527621204941 3.0277094832597617 0.3738502873516318 0.36097398428414246
899 2.318730839527001 2.3117934901245825 0.499945022532784 0.5040112395886178
900 0.16261952063642096 0.013572981737807513 0.10693953791161638 0.031725030029564796
901 2.6506981170119555 2.7699141496839452 1.8374086335950675 1.8557110467426672
902 2.946878571638748 2.9691904764871397 1.6600483925439573 1.6275160789413161
903 2.2018221318866176 2.186902472734983 2.4649638573613957 2.4790198757049553
904 0.1506083626827386 0.16053129245469458 0.16447362423044748 0.0762887060784343
905 0.024203222422869954 0.0024584169182383054 0.032214100162105845 0.0027373266761726916
906 0.5253508787765796 0.5357039960888061 0.608360527248154 0.611965632949944
907 2.6812050333513016 2.8108877402284875 2.49011794470383 2.4956801235825683
908 2.5847361060728464 3.124292501302588 1.8274577108302112 1.8220829247730304
909 3.0985707026991416 3.1389468558953393 1.6684116926195725 1.6668789100794232
910 2.9540899401477225 3.0061297829477436 0.19787384056873944 0.1877414791101503
911 3.077042861232481 3.0566817459127287 2.4903690821224775 2.4817296417101256
912 2.6742666776228363 2.993156446343358 0.4478615175197172 0.4291603050585167
913 0.9636121757846048 0.9137739820794247 0.648181700934142 0.603603058656296
914 0.06435222857636291 0.0017231837415144094 0.06239418674201689 0.006853478661243306
915 3.0007532880596344 3.1397683864885537 0.11162386011626628 0.04790655963224751
916 0.9343358776095178 0.9000102273042784 0.18506124469909332 0.15506769495841635
917 2.7621920260909545 2.8048680143677767 0.36115535456804315 0.30477144890788305
918 0.23281527144893632 0.0005306653735405803 0.05287603422019981 0.005836481840755027
919 0.8800241220993138 0.8743143449803656 0.7708963754215519 0.7670582851029161
920 3.0901661728345515 2.6551685445036335 1.273153718754192 1.2495386908106005
921 3.0531116405077614 2.84538457240833 2.0872025504967953 2.4033452397424053
922 0.1830094163423392 0.1048920207848804 0.8273758048251292 0.8401892937085492
923 2.7941029761242064 2.975342448707219 0.36539738797324844 0.3525800509182114
924 3.027319486429063 3.1404407837047943 0.0845448916416741 0.1826080273758103
925 2.8562827484480313 3.0283132412744433 0.41984081078503677 0.4115635305959819
926 0.07924697649916561 0.0649746649018605 0.1447951537125585 0.13006161593892285
927 2.67628693673408 2.6968138360996172 2.1159525785168505 2.1913562404025604
928 1.2920043476908536 1.2721292792134238 1.3751220178873986 1.3654590913765297
929 2.6023559731363024 2.611591141300581 2.4705460004854953 2.471503247776477
930 2.3994357091501963 2.402816229277465 1.1835561416735514 1.171878452806241
931 2.901057276554386 2.93394740723967 1.7982721326331812 1.7929600924404545
932 3.104337120533701 3.1171941452163456 0.69008429875497 0.6934005528193475
933 2.095649608873812 1.692056203233702 0.8200235857665097 0.7945269420603064
934 3.0714054900321255 3.1405154944892604 0.056472949570286125 0.04528542628578719
935 2.9537259264077025 3.0869803204422808 0.05549336912453228 0.030075473431262996
936 1.7096540290194118 1.663012928847676 0.29895161084592636 0.2819233338997154
937 3.1342759945812073 3.126693176150699 0.45208281668911354 0.4411931598030353
938 3.039772437297613 3.1392889103208397 1.3619072049775012 1.357651080540941
939 3.1291845799933653 3.1403514539028587 1.2593814787315187 1.2521329249238575
940 2.9908373088883646 2.9958514225266017 1.0846810906980215 1.0865120503726533
941 3.0363479480129554 3.1388737209437405 0.771213269083316 0.750461410871174
942 3.0155376507575173 3.10172665840081 0.5356191115621489 0.5399479381608739
943 1.260380117017085 0.16275513032095043 0.1691894951456118 0.12984619768972094
944 2.9324383778629546 3.1409345445477057 0.19874435930076104 0.11672402586691207
945 2.6958721524789855 3.137497778068178 0.1327111841813104 0.1344038043339544
946 2.4619266435364002 3.1370966789418873 2.4638399311141614 2.631886297579669
947 0.08658529601140155 0.026987191838818547 0.10544105227924568 0.07501003589225412
948 1.0333743597546747 1.025986371349876 1.3678864611409387 1.3654682728122405
949 2.1722686533833753 2.242336735460659 0.5660368896982462 0.571780564111507
950 0.006448820524264377 0.0005921768303074697 0.014482156819505718 0.003803742648682399
951 2.8297115155917347 2.8375220588219103 0.20465404669497797 0.19474653525832647
952 2.351734526689366 3.0993623554383074 1.7971089025715696 1.8737267445158157
953 2.045602929192784 2.110077024935109 0.8862024407455641 0.8603625759949717
954 0.48129307703572655 0.36096523211558257 0.6476774426995834 0.5044366069002916
955 0.2946548309470911 0.006269376555108573 0.07778571801383716 0.009431240159684075
956 3.11848805372604 3.1286499538169803 1.595513939812251 1.5904064136129712
957 0.28752788531494095 0.19183722584912047 0.22958862712230724 0.08071737618812921
958 2.188385582396873 2.165586789579486 0.32870275569341323 0.3126270834815082
959 1.3336756574044044 1.3119490752306382 1.307261507183856 1.2795634236384243
960 3.1108364043886465 3.1159552691005774 1.6985127594932208 1.6521140627688835
961 0.23857290602236284 0.15396231309586242 0.24514947135816262 0.23959082117795352
962 2.9893631184596607 2.9929664275481955 1.418665064366196 1.4260800317011504
963 0.42189926270660816 0.38798643025142543 0.12395242461235446 0.13186864053919486
964 0.3712372467026179 0.14913309362076493 0.7103176649812318 0.6966682678139698
965 1.1361136347979814 0.957316915518664 0.4753930326333694 0.423802752569106
966 2.850982787544951 2.858131492209261 2.57253380557259 2.568447587429154
967 3.1180508815636316 3.1398096712347003 2.041589007746609 2.0409057933057464
968 2.5871203049118803 2.529591122417078 1.8016382395213912 1.764380451755474
969 2.8457513029022734 2.9002867923067104 1.3869713455587476 1.3989002722223423
970 1.5692333901522137 1.5694569867752821 1.41034060809134 1.399794662547917
971 0.5477238728315383 0.1764193895749032 0.4874617026849061 0.35000103047937214
972 2.565273899556384 3.134429208722446 1.0631077510204965 1.0765970838112235
973 0.18789985482334443 0.012910981978707617 0.15444897471566685 0.1222866161092636
974 2.244093816988459 2.545963833497113 0.17429235293748174 0.19019365775943423
975 2.2754677808545187 2.279158178989551 1.2229868640322739 1.2096445192976621
976 2.6227680964450517 2.6338738766558585 1.3042416841418343 1.3099691081674927
977 2.2403744991628227 2.2326303773577205 1.0194128681339267 1.0312289764568079
978 2.119719575319725 2.164465993861592 1.2510538929506616 1.233670128524842
979 0.51535900286758 0.5279820843368856 1.3729766225240532 1.3659654605574107
980 2.8251268874034032 2.802934573534382 0.4587100002446842 0.47724892028247057
981 2.7439456898515067 2.7536417458290416 1.3899645238565992 1.3666615301603398
982 2.225667119798169 2.220170051555038 2.239800350885862 2.227053741199538
983 0.8814177285002421 0.9005080430555341 0.8999011328544733 0.9241207464531944
984 2.602056645378495 2.6065363655214004 0.5237487732107855 0.5245690214278184
985 2.5443328110072847 2.5420636513983412 0.8317589954039859 0.8184559543150526
986 2.9414848324636105 2.9604233641986024 1.41389472425521 1.4079544429970576
987 2.6227854401213446 2.6395092451334965 0.2260271571026339 0.2285407252119611
988 3.116747481141101 3.121626147689596 1.8705683363859222 1.8829479041166945
989 2.287557809576222 1.5943259182898242 1.980425129193513 0.7709178563438809
990 1.0359341019733643 1.0279602653874627 0.3483165228072674 0.3472225553485946
991 1.917398025073912 1.8435319003858082 1.4209932244441486 1.405010849061602
992 2.934505951542058 2.938853552786097 0.35995098887083465 0.36466757450838866
993 2.9761756273975832 2.9761756273975832 2.368480434865587 2.368480434865587
994 1.4403159469505773 1.4353967458334544 0.8221290711008065 0.8267004762152775
995 1.976151193757652 1.9999667185831278 1.3020331693376777 1.298569024781496
996 0.8792125750244238 0.8792125750244238 1.6213936499812127 1.6213936499812127
997 2.8665894216374013 2.8585925680713045 0.41996432271636963 0.40142435541854915
998 2.6708908551191897 2.6643157212243285 1.0362853911187557 1.0290869885581457
999 2.3127207741862166 2.3014169651824656 2.3349431551192885 2.339325904067121
1000 2.0621299981812813 2.086048773104164 0.8958574853162021 0.9374117763090205
1001 2.968115370235341 2.968115370235341 2.0979173134105884 2.0979173134105884
1002 2.0274588711440464 2.029020618399225 1.2352950629175767 1.2376302283115417
1003 2.3302737616255866 2.3202943123477158 0.3744163476968377 0.35449776735438737
1004 1.6584735177258076 1.6899310028462633 0.8322833058650154 0.8395516334028741
1005 3.1415532787213007 3.1402354475321586 0.37130432573836014 0.37399664512679626
1006 2.778435668118659 2.777022234700726 0.8671009477034549 0.8618611044940324
1007 1.9260688499461094 1.946322018232087 2.0104677812933938 2.0434587443318817
1008 2.1679151372273484 2.9190371792973546 1.9741077693200635 2.545577971862568
1009 1.3582811049914043 1.2524932055895581 1.1094275026467746 1.1214113451138386
1010 1.9679809238495072 1.9580292897140243 1.6960477438532338 1.7018459067183287
1011 0.803683436018075 0.7954628521375433 1.6744051655099907 1.678010319739443
1012 2.3027880396214373 2.3658126505877264 0.9937267870616963 1.012781920718552
1013 3.055690751328734 3.0454725170862464 0.7578568505356432 0.7642739202423274
1014 3.009717206546704 3.0227872175108383 0.3263944074885923 0.32891117704388434
1015 3.136589652421929 3.136572465572998 0.7941577643043741 0.7869697864402592
1016 2.7538535879782935 2.783409816468047 1.3690899295333123 1.3651685529631195
1017 2.9764839085547043 2.982006078920869 1.3438957129693483 1.338174153618384
1018 2.8658048993280647 2.784684644612533 1.4304055790910575 1.399204325781846
1019 2.021520368263729 2.0287317516912724 1.3972085767346074 1.4007804564504274
1020 2.226303693881953 2.226303693881953 2.077929525447737 2.077929525447737
1021 2.9564430020852983 2.9803836169515563 1.5371803712615244 1.5340667880892969
1022 1.361283348695456 1.3984763923585053 1.9559299629926077 1.9377515985185891
1023 2.81157137417266 2.7859565833365725 1.631092688684067 1.6575666403225853
1024 2.1919954227308645 2.187403606847086 1.4759461960751636 1.4918679524990281
1025 1.6297010233834313 1.5865003441524261 0.9433204633622383 0.9540168796159202
1026 1.5084309166295042 1.5289456548707672 2.5006568758389527 2.514101798239864
1027 1.8317621385280425 1.840059659326293 0.690206380899987 0.6967704863390041
1028 0.5071400271123819 0.5259865540972044 0.6873509163766721 0.6813704252955043
1029 0.5277838054207764 0.5277838054207764 1.8575886971196842 1.8575886971196842
1030 2.8373002085554067 2.9106125363944044 1.5247342732532063 1.5203113381893796
1031 3.0308763958145053 3.031753671151399 0.901511817257866 0.9193921486080284
1032 0.8510953162507062 2.6566219659627266 1.1431933058789026 1.1454788514462468
1033 2.8150288552353477 2.8221216528331343 1.4035090046145686 1.4091944203649567
1034 1.5300645772446848 1.5291472365686345 1.4014579912454146 1.406238377884271
1035 1.9077993736146843 1.9044422144953261 1.1867121666740692 1.1907410137990018
1036 2.585937498480813 2.63200504408399 1.477715762954446 1.4762659582157842
1037 1.2516186539000296 1.2957729197533059 2.5100377581698203 2.531403196941162
1038 3.0931452029813897 3.0803794861853135 1.4750441456088919 1.4856884058329083
1039 2.6270082482266996 2.6288723729517205 0.993040441949867 0.9885638636597505
1040 3.1175563990105664 3.1213435863467294 0.6283215357807138 0.602341453989925
1041 2.5489974563659987 2.5565514106800684 0.6231355245578055 0.6171541809734511
1042 0.7497446088396996 0.7238534006099085 0.7245525398582019 0.7453268364761443
1043 0.5928085602870546 0.5241596080061004 0.9165205117587985 0.918644988075822
1044 0.7637217815843543 0.7474098208892858 0.623396320090324 0.627827452996077
1045 1.9950426466926563 1.9768591937080124 1.3004508644410566 1.3235982421112438
1046 1.8365667834765653 1.8577424141232255 1.1407407030562917 1.1647767993099192
1047 2.710402045018329 2.7008350380750468 1.0321274730988361 1.06249277621022
1048 2.067277547218961 2.051325413227757 1.5112817955794227 1.5472312250661515
1049 2.9311940292522687 3.0392507492031022 2.2977096232209275 2.317175635709654
1050 3.078698896956898 3.1112893123487857 0.19495072385734863 0.18558593775938095
1051 1.4982933748688365 1.5291933989429503 0.6847707891166658 0.6755582313610589
1052 1.7511946747618017 1.751278035100152 0.8628800620952479 0.8578199992311633
1053 0.23196054782010583 0.22295612653556648 0.39672576316876274 0.38899031242479276
1054 3.1031697256668327 3.086043025688956 1.3732161524974658 1.3611080037721648
1055 0.3144574707817728 0.3099565061675565 0.4241120194463839 0.4118845564047546
1056 2.304188395162894 2.313084084130721 1.8657740318454932 1.8713543943929922
1057 2.7352307001127723 2.725090204455691 1.3969262736110264 1.397060843049702
1058 1.44869432132286 1.4208076417841233 0.8970652633142129 0.876229478019401
1059 1.9136850096941789 1.9136850096941789 1.9214816651270226 1.9214816651270226
1060 2.830084983254762 2.8230841131077162 1.2615329734543708 1.2518890860482617
1061 2.5230654482878383 2.532958488638664 1.6336032869401858 1.6417222703181467
1062 1.318183905076902 1.32196197685593 1.324651661445102 1.3258534627602694
1063 3.014477614096152 3.0146176584380404 0.2548557314956099 0.25130681018356305
1064 2.5613740345196354 2.719465950055702 1.2012277494165093 1.2163602307367138
1065 2.4794109775877766 2.463150081352835 1.9963722954055916 1.971743250293007
1066 2.4151235821951995 2.4120108190259537 0.6276582201660688 0.6239932881579868
1067 2.6100078278863355 2.5795835324112435 1.6083381201964242 1.5974499422313597
1068 3.1087260683495876 3.1099910834612943 1.8303686502422714 1.8425427807452703
1069 2.8742583191098086 2.860711437478378 1.0108358771886603 0.9952045886107441
1070 2.4492349905348316 2.4584867827139374 1.335777931521083 1.3237401135849938
1071 1.4299894617896511 1.4925153271049394 1.5442311666556765 1.5446541325784435
1072 1.9049287637303163 1.837120763200348 0.590509227628954 0.5596220260961763
1073 2.486913254923424 2.499561058920673 1.7262876166199033 1.712354908427974
1074 2.53113220758836 2.52159050219069 1.5304868988479359 1.539648650240114
1075 2.6638476869027543 2.6913987582517156 1.3101542122071705 1.2859716298983346
1076 3.13154292626289 3.1293036225204958 0.43629301237631674 0.42662532887338045
1077 3.000053704264241 3.0464778119885207 0.29703571913876275 0.27502627507356614
1078 0.4620622546183896 0.2534001927235543 0.370171909476826 0.24487421997506337
1079 2.917360759922267 2.913804059788797 1.4732694930049788 1.4663278022208002
1080 2.2966955376162423 2.2901080237684295 0.8168105243437014 0.8376789859345652
1081 0.1111724017746518 0.002135929426689973 0.022066490726893154 0.011522489843879083
1082 0.7633068602776883 0.6718641312466193 0.4596391578101037 0.40561880747587764
1083 0.29524406249723406 0.06000011428812038 0.2201992359013121 0.1845768428000159
1084 2.169818350794097 2.1778137846700205 1.372812790013763 1.3746433116694492
1085 1.999635723808172 1.983526861776017 0.8040022265039182 0.8071946294992025
1086 0.30131052855624446 0.23660460507709566 0.29707025164412604 0.30793719995051183
1087 2.4378341892987705 2.454155183093108 0.6311618704265345 0.6338339211456273
1088 1.2020558865741306 1.1601740579439466 0.6133115404449204 0.5854867044946648
1089 1.1589476342049638 1.1004123371572274 1.0735937919934733 1.0585677786833323
1090 1.0936733996807169 1.0584270760554402 0.7229231503612925 0.7189569048747544
1091 2.162410190448081 2.135415146068515 0.5611461227080542 0.5698382075836284
1092 2.998484306365378 3.0278963852884413 1.0655843467659563 1.0613298068409376
1093 1.6440174601358961 1.7166905913281147 1.8206983005451942 1.857910942925196
1094 1.7715449941665213 1.70205008188106 2.0067763574717534 2.021967979849271
1095 2.2735557491557885 2.3133987011845245 0.9637046013875964 0.9478605445757182
1096 0.19454534789971117 0.10282475701207906 0.3114369840287014 0.27888142525869014
1097 0.24964382587268188 0.31925009376626806 0.8646695444933578 0.8543955080320988
1098 2.9636785390822524 2.964316243828709 1.2251649869706327 1.22617270676798
1099 1.3240808229807568 1.3443535157515003 1.2972974324786886 1.3056057242892325
1100 2.349260408824619 2.349260408824619 1.5728990103766318 1.5728990103766318
1101 3.0523075094708623 3.0679170729469636 1.3566520363806132 1.3610066717658946
1102 1.7815375756615948 1.5134697647205275 0.7670416643887957 0.7679610199681394
1103 2.3332452756530886 2.3017208775158986 1.6148096605702744 1.6094852001139714
1104 2.596688898253391 2.5815963695043562 1.0745507350391632 1.0705608718534132
1105 2.0331820672884984 2.0501847112606013 0.8663153407054336 0.8685865373092864
1106 2.487333181071322 2.4871068344459437 0.6459478604339244 0.639258057480511
1107 2.6717891905827442 2.6515412817874666 0.920169490525761 0.9522443862288572
1108 0.3417059369900912 0.23430437409600532 0.3577857937974918 0.3600640917875054
1109 1.2325006625847266 1.0306144285598855 0.630999119280181 0.614522865782284
1110 3.066321572440776 3.0664620654689787 1.6515386652571258 1.655659167115954
1111 1.6919371830670307 1.707577095373041 0.6969603573574561 0.6967979275022049
1112 2.4817507624000767 2.482175419437856 1.359584152559283 1.3536732008380155
1113 2.45987486292948 2.460485167129261 0.5803373783969352 0.5819953245303018
1114 2.671692489239233 2.983943427556185 1.772830316650546 1.8450324884464988
1115 2.0438100169006876 2.0245548861569955 0.3458732261846671 0.3334209289053996
1116 2.4181309419893444 2.3638445351195476 1.7118862588968318 1.6952712056419323
1117 2.954186879129308 2.9559810572870178 0.22190066181838453 0.21094935441388663
1118 0.6032879172717152 0.6832642224682619 0.6549137037008423 0.6781937624586308
1119 2.712664428103915 2.5656446834193893 2.506439552068064 2.5312589514854933
1120 2.7112900653188357 2.896649756864027 0.8750330398615574 0.8644839488305065
1121 3.1377096800227955 3.1377096800227955 0.7597808796332798 0.7597808796332798
1122 0.07198612729723411 0.06097249817159091 0.10789705804874616 0.09603835798591168
1123 0.4351870459652186 0.42011486670296394 0.2695096643732209 0.27585185450017435
1124 1.9620940212434652 1.9550215832894864 1.641438147044579 1.6207152671623088
1125 3.069679369595115 3.0758521693481717 0.4697270175042694 0.45504382909722746
1126 1.2878993773511398 1.3717494378867259 1.667586464994776 1.6294838703707575
1127 2.2196203648344492 2.3905159411070893 0.24675480550811071 0.26145683649647705
1128 0.8046556709551704 0.7833752817524161 0.189301170006889 0.18176667268286215
1129 2.9477172700901293 2.9662047307499892 0.8759104200153526 0.8734551515256321
1130 3.1314143451230017 3.1402375154801874 1.4732161997414188 1.4729158848618695
1131 3.11307231275821 3.114897903150517 0.6825627803285595 0.6560690849325576
1132 2.799237272737574 2.7924507639304057 0.41445213553450905 0.408084112420454
1133 2.2580939608757076 2.2745304032883333 1.476992729594889 1.4807667508667173
1134 3.109619708247026 3.117130456323637 0.1593523673706457 0.13332956896773773
1135 2.9381467338027174 2.9619016941210696 0.4776703627698041 0.4680231912630273
1136 0.31594089275719656 0.2856508898845516 0.25409252670341986 0.25618803713724414
1137 2.964156372547833 2.953386689511103 2.5249827510088143 2.6056005479827546
1138 1.4309773725276809 1.4250832554063566 0.2739729705358989 0.2711621183029437
1139 2.8820773165775977 2.887150694332661 2.540274410729828 2.5316670325156228
1140 2.910611308752293 2.9287814841179656 0.14193079617465848 0.16417301514728383
1141 3.0787718361700183 3.072358906630786 1.1192194107176265 1.1105124028602622
1142 3.0444925505877793 3.0342099657340906 1.5904024734031332 1.5789925139972474
1143 2.8617855631720097 3.138519727786639 0.7504679766732159 0.7118760189141765
1144 1.7622881951491893 1.7894534456980704 1.410634904962491 1.4405224175068485
1145 3.118208114755856 3.1164858590006936 0.3928358866021709 0.3590157665646826
1146 0.5172130454248659 0.5423921907289433 0.6498572692328486 0.6545756609649627
1147 0.13467896654906059 0.14934499793816575 0.22537617324968234 0.2336684489311933
1148 1.2918157448021146 1.3806246109778988 2.584313445595434 2.6043964669006567
1149 2.7306089067867165 2.721162438046162 0.520064328072225 0.5232796066563271
1150 1.0797450634031507 1.0584859188918236 1.2600683991508213 1.2401531227285754
1151 1.5157518481588537 1.5438396574032813 1.8951828168001015 1.917494476993916
1152 0.173875504136957 0.012677197160451667 0.23096039033972476 0.13688161384223665
1153 3.139086987192548 3.1328830473335625 1.054968434868818 1.0238076389207431
1154 3.113777400964172 3.108238982159562 0.03908300249529867 0.053353775234144744
1155 3.044018577370485 3.0428886858197157 0.6323781537116047 0.6076947174003566
1156 2.349656851089231 2.3684641450404507 1.3790415639201543 1.379955297918788
1157 2.194092664715034 2.1364089038133733 1.5529639477226012 1.5765744767125864
1158 3.102272451557175 3.1083011253250805 0.9269676515478841 0.8991452472543491
1159 3.1362618996479843 3.141074124224806 0.8661565893414552 0.8619176732600129
1160 1.6140439684344798 1.5839476348045989 2.701747710618113 2.696739426202286
1161 3.0486059421003127 3.0503461463008814 2.262021836996317 2.3265850091579408
1162 0.861488697707973 0.9689282942376553 2.1924372335900046 2.1172893707814078
1163 1.466739382392041 1.4658442121603064 1.9722301041569568 1.9704236542356344
1164 3.013362701887685 3.0123219032728525 0.39965518438907655 0.39988362138705724
1165 3.0617862083130056 3.1373326971595783 1.2026066786155145 1.2027034828186909
1166 2.8408467110585045 2.8343592625304175 0.19712757219296315 0.1949001982266149
1167 2.987111795837209 2.987111795837209 1.674851248636365 1.674851248636365
1168 1.6766509530494749 1.5265502706798189 1.8484931741765578 1.9234038398968627
1169 3.054373782527205 3.0640980292296653 0.8297943579476447 0.8347714757889926
1170 2.0459649494521135 1.9578578535035764 2.0185261494533577 2.10409295875101
1171 0.30891733986441755 0.16034849657770261 0.36571089523132677 0.3414019510969962
1172 3.0045193715198537 3.124751198817054 0.22161223248020082 0.2797919005334721
1173 1.2683530544227013 1.286425478022781 1.1194022759673437 1.1298575504765296
1174 2.8905001467557514 2.952113022772083 0.29283640894655694 0.30237430873003746
1175 2.7509374646219302 2.819410266961492 0.561735974594756 0.550567420582011
1176 3.0848993993599256 3.104916656937851 0.9444265359125608 0.8433977551640383
1177 3.0658891429708794 3.0624197212658544 0.3681994645729669 0.37060645630189065
1178 0.67173169546826 0.6230637177052123 1.7322192920032116 1.7269468761448656
1179 2.098772441043107 2.0923787481187306 0.30526950755027527 0.29132418716992436
1180 2.0541023116439923 2.2048668446998896 3.516300406437798 3.5296233062732134
1181 3.0992789384859427 3.14023474680506 0.6198924633447761 0.6175730177696064
1182 3.0580672917282605 3.0624891933129277 0.10989128526366676 0.1026294119099878
1183 3.049752054071236 3.039918614921846 0.3331812014321675 0.32700348394201023
1184 2.461699294675805 2.4164058600021305 0.7755694745326652 0.7299185273347988
1185 2.290941179259221 2.260469476926998 1.427638466502411 1.4923128130516217
1186 0.8561405736459378 0.8677359169883475 1.0320754619524413 1.041924241237073
1187 3.0665047672920975 3.076480883091165 0.22867029403540165 0.2520411829884207
1188 1.6724008459182853 1.6636203480609482 1.5587437408537759 1.5640408224180655
1189 3.017327873025864 3.01642694981565 0.23596805774740834 0.23293932113068505
1190 2.4685761930851777 2.7078722920599083 2.413710849995672 2.3752081696148175
1191 3.050794365914293 3.0587002442960745 0.27139018771727524 0.3133042831471328
1192 2.9798719263648 2.9899586457017064 0.4503504053413806 0.4101552675771472
1193 0.9519978636651488 0.9846968804638261 0.27411681291130363 0.27662850367523356
1194 1.1386855720660352 0.25878181170549996 1.3270863391160814 0.96966255491602
1195 0.10627501703617566 0.03188798159949414 0.08528621229655761 0.03006698551522009
1196 1.3156001164556432 1.307219750311311 2.4892723308523967 2.4801014168181816
1197 2.7012595332389098 3.0779494130012504 1.0557639363006988 0.9693872201471015
1198 2.316283370067331 2.2564394269165957 2.9402879860906017 2.8854866590566175
1199 1.8677221050357389 1.9168733829080973 2.6012758073495212 2.5500953183961026
average rotation error (rad) without icp: 2.150109277517272
average rotation error (rad) with icp: 2.153954768276861
average translation error (m) without icp: 1.2254234804810442
average translation error (m) with icp: 1.218397362354571
