0 1.7970304931639363 1.8210337521977664 1.403538177358157 1.400104788041157
1 0.3547185580384237 0.00534511498886157 0.30348820916380076 0.13862776971662014
2 0.3348673726418514 0.3667963753397767 0.13872115512317948 0.1276456088600089
3 0.022414186824661172 0.015791918703435926 0.028097489762425255 0.017600453190813884
4 0.23429154305154853 0.005516852144654424 0.1251424743043659 0.07137172795150049
5 0.3131703297244083 0.153235475613023 0.19538075922320938 0.1957886018968808
6 2.724599802866605 2.713947667028579 0.21363815695992636 0.21731818651823104
7 0.06366242272500275 0.02518388413204305 0.05654609435105234 0.05469063672657661
8 0.023574173612380903 0.0018323016716321188 0.03743006355163562 0.013240622771088766
9 2.743283630442111 2.863589404042599 0.9120395133131914 0.9052632159621427
10 0.2468798025229402 0.23881236550336796 0.2750168104750323 0.2897453639536438
11 0.2503666072948155 0.2597421335585721 0.23460886533024372 0.22479521886282866
12 0.11536487188862715 0.002709483325189145 0.08397755492476483 0.021813378375456403
13 0.34203900417537003 0.3500034543794592 0.8115460404655391 0.8138028190068104
14 1.487944446548782 1.3812281756812557 0.27261333146262273 0.2638892328885105
15 3.100802569331671 3.0988749347061777 0.4569824992823166 0.45325888728297403
16 0.05116053803088364 0.003053036728905306 0.06312930636906582 0.009271417040077645
17 0.36076413423710685 0.3267964868874117 0.4077858206798783 0.4075270353945357
18 3.113152885269446 3.1409822257676323 0.5610347491636456 0.5737120198724779
19 3.0894887264506616 3.0568874561510615 1.0008516099024343 0.9855729742589097
20 0.0729653065784732 0.007604425664487825 0.049550068030377384 0.007854709225348557
21 0.13122300719804234 0.002212711342306118 0.1349076940891594 0.009221900077937115
22 0.5459215727489555 0.005757365187043528 0.2614458052050904 0.007857214213603417
23 0.10875102733470549 0.001969160083140289 0.02603069177778023 0.00739859381392058
24 1.292579767233405 1.2324224889427442 0.26778659100339314 0.2880509646401496
25 2.592561676757155 2.5858788751853505 0.33920426135616394 0.3336372876633641
26 0.3766679378549255 0.5056575394844369 0.1273141818959803 0.1443738320966793
27 0.05680678639157574 0.001175188427277543 0.06406779108998831 0.00990150321018227
28 2.931625347491015 2.93850294226095 1.306080010071615 1.2871755517916192
29 0.02213872836275684 0.0014705262059247018 0.04533065749404938 0.007483143171577198
30 0.24474667776640172 0.24106558370237843 0.12303119272506972 0.07024212147837129
31 0.6636722086975484 0.6701472894195893 0.2453073079044232 0.2371062173629498
32 0.21118562431347557 0.00083765612411727 0.10532629023999412 0.03515162163949279
33 0.0083700041112104 0.0010767291973264655 0.020435913648984172 0.01795895737341622
34 2.4061718549859656 2.410509138838787 1.6193812608269347 1.6186452496567314
35 0.0098319697192215 0.002015004467994985 0.02980139179703924 0.010240117707064456
36 0.020915472598604434 0.0016788426731830755 0.026436782509785782 0.010001742179742167
37 0.01049074760614124 0.003435058338094014 0.013596735252522424 0.008564127397224277
38 0.12213977398441668 0.0011770965315184097 0.13472814652362844 0.015901144928372715
39 0.026572859342964543 0.0010190882503137814 0.030027797512142268 0.012256330248112101
40 3.1371421838260156 3.1413426101493163 0.46362478906576887 0.46803255530337035
41 0.07675274584595523 0.0014351541454093646 0.0767302958771836 0.0122420693949206
42 2.677794617500517 2.6830327283620243 1.73070278168291 1.7300633838951047
43 0.004575615929380318 0.0008642792558837435 0.010285808595515119 0.008290747821496731
44 1.876590716278677 1.8875130456043634 0.2754979729136626 0.263750061576063
45 0.4540518909889548 0.6133579402536581 0.25974898778294697 0.25575148540004816
46 0.020842658727676013 0.009563892528644723 0.024059351548574418 0.01628911734920993
47 0.16662456993450764 0.0006599488079031802 0.08005772137397717 0.008256854017986735
48 0.14481094460271707 0.020471295911122026 0.05262197572639626 0.04322816959972256
49 0.16449605969047187 0.006379324905157771 0.09507006066765349 0.07851957235231598
50 0.17739205553076698 0.13993728801689614 0.2642380715748514 0.1726028745518089
51 0.46784876287197885 0.003980058130341799 0.10651144959077768 0.052911796978381144
52 0.04264539136738905 0.0009446611313232547 0.01313725206496748 0.012747776847353348
53 1.3056524768511228 1.2736613979200349 1.1675377619074652 1.1574546578571472
54 0.6037455084851701 0.5934752730612002 0.23603136952413933 0.23463797987053658
55 0.042334367230185216 0.003907708499176569 0.021368651323917267 0.009265187911445264
56 0.0139289281838509 0.0014693600555359925 0.022453071643849534 0.010133219475223092
57 0.04731057020109052 0.0021397800254111133 0.043448773307930934 0.003063744125420557
58 0.02557816976945758 0.0013979985757208453 0.014196834517453575 0.011194994888136387
59 3.1402650142065256 3.1319407900370404 0.8516983961235185 0.8419949539686171
60 2.6273167471969634 2.6366631023197584 0.321091880885636 0.3285778951190622
61 1.1632089253981266 1.1887088577557754 0.5741132927641168 0.5796889157188119
62 0.029412095299131726 0.0011765632846773718 0.01813387465551407 0.016584614977654847
63 0.030528231843677558 0.00899388195865719 0.03341849006304479 0.013828661562177042
64 0.8087036599280089 0.4910881371941857 0.8737476750604009 0.564968651828155
65 0.02654142762515337 0.0008714393442144118 0.040440487089313824 0.023516989155141395
66 0.14778093338114365 0.002317781227498563 0.0768743056344342 0.008733433351324597
67 0.05749158222742947 0.003680077486017644 0.03953893745343864 0.006045019691535013
68 0.13473895866749017 0.0008390337316680022 0.10950000366212337 0.008632136287984232
69 0.12123464920037888 0.029389586563461807 0.2067725014151204 0.16003222594727007
70 0.410391396451471 0.40479002628260013 1.6767576340125805 1.6756270409288305
71 0.017514205111649327 0.0007763477076350891 0.023286571254703934 0.00886830403668248
72 0.10340671215851652 0.0025344630685377274 0.11308817958470353 0.06600369878846639
73 0.007127035330627021 0.0010785143091837381 0.04010595281364642 0.009269268182673275
74 2.8954843923956646 3.1368357006275076 3.1418645176840476 3.127916274514524
75 2.7038268032655712 2.6973776974456753 1.8815039961945432 1.8802982537443587
76 0.921189427795625 0.9264977040179295 1.9868313012960475 1.9749766879886523
77 1.385216938578377 1.571254780756025 1.4635551235644508 1.3711033970217212
78 2.913905800332199 2.927083568746345 0.4737610857615634 0.46149667628934454
79 2.5392726823939205 2.6097915746986007 1.6622458381206178 1.6266527512829263
80 2.996612857419681 2.991964199590642 1.5766353766215893 1.5659307245646221
81 1.8454819017640398 1.8397047725481037 1.286600843949985 1.2654821409805643
82 2.2151770500944266 2.2232641683069136 0.5805867954527415 0.5811682102341212
83 2.980429716428176 3.1415690685771454 1.68520604845377 1.6560824763631092
84 0.033678860255837016 0.009443081196892618 0.6004588473713339 0.576568733820622
85 3.131042895321708 3.1359845944578577 0.12590386067272571 0.1073846356190639
86 2.178805581459625 2.1766134181211942 0.8285524346153103 0.8234999481572719
87 3.0891602288669104 3.0920444473371607 0.303855300312927 0.30375076590079997
88 3.1414023819068095 3.1413441864570966 1.4363047786388876 1.4304439732533891
89 0.1003021573625595 0.09762221780605974 1.1045446693541559 1.1030531986282017
90 0.9718274688009453 0.9932033128857266 0.7671446109208003 0.7519072741425887
91 0.064091147230975 0.0020063429093526352 0.06393791606826213 0.008126496324249544
92 3.1017771410832897 3.120959430713493 1.0739925057536357 1.0672525435338895
93 2.242525886370457 2.189972052121453 2.0580134490983992 2.02105153798269
94 2.145840968139469 2.1281581298464336 0.7203962018053802 0.7172472914197664
95 2.8698756972952046 2.8706869449227583 1.147825436699611 1.1382911357482197
96 1.3051086521812754 1.5873974551693448 0.885420892971113 0.8975593601416445
97 3.107126356252565 3.117262450401847 0.5392026497376374 0.5500294937026321
98 3.0940402749694074 3.137979217485567 1.9507191995555262 1.9440194314710222
99 2.970030631453301 2.924264831306912 1.0789249381008172 1.1172477806574832
100 1.6953429216805744 1.7034843617565523 1.8296544946893007 1.8450737963728345
101 1.2198001367753886 1.2083779409816435 0.767167724506041 0.7504287389733679
102 2.8538486201693045 2.8331172117768926 0.7557341345726335 0.7279313519242961
103 0.0289893443097204 0.00407512236495238 0.3105353590131192 0.3204104840861026
104 1.269804461071736 1.3023371409603048 0.34388010969033117 0.3334520652785347
105 3.0908560498327247 3.1403587612425987 0.534454525741372 0.5402449095618672
106 3.097880509687573 3.1262319252741744 0.748836292910102 0.7285590751823863
107 1.6399234841230317 1.6463030455918437 0.5008765903900725 0.4940495400560803
108 1.8296259523044804 1.9501639706326979 2.0932016087315284 2.1137324271728524
109 1.7223522022864466 1.7214503942813193 1.1972024858249186 1.1938129709289282
110 1.5335524528682385 1.5459334167594887 2.2186254555588363 2.2520670693849425
111 1.9793603212413644 1.9542574952027636 0.9639577682234183 0.9566431547568628
112 3.0990765739122907 3.1151195953959427 0.5110043556779044 0.49415710445894334
113 0.12438817632294083 0.09389750972730755 0.1155982324653651 0.1266903804329862
114 3.1340758978659897 3.140644679395502 3.1265057210396057 3.127007871292069
115 1.0111466669028382 0.007106729636267051 0.5933599212053718 0.010554844374942206
116 3.0872338090602676 3.1399180850363617 0.4071912421307343 0.4024214985677485
117 3.031064827529108 3.053056497315036 1.6523169994677094 2.238038464241404
118 3.1308934470723937 3.141373669926835 1.0351850316195896 1.0426710400529886
119 1.4548597438203286 1.4473495887243175 1.4011639689233926 1.39868093373358
120 1.606030511427725 1.609931964554637 0.9975315289771142 0.996989673254817
121 2.015160543699576 1.9893688893902963 1.1384502369028506 1.1172409569142974
122 3.0269259222159435 3.044119547778986 1.4495174780002196 1.4403264043706063
123 2.969522686989329 2.979175363610333 0.19512027627148537 0.19739349025863556
124 2.7324782838775405 2.731188733927056 1.729165441609726 1.7282894691984954
125 3.140921414144279 3.1411307607555137 0.4830036949707965 0.4743811382235691
126 2.1269048575464202 2.209923103691556 1.1105444072098842 1.1190723610334519
127 3.141038517146528 3.1414033354753914 0.15882091219587713 0.14978431812889237
128 0.1067603765737984 0.02808290826616286 0.7381044034133936 0.7256805048791359
129 1.667562535636324 1.577511342623109 1.31424520942122 1.3052696873357297
130 3.065679475352011 3.074694837095977 1.6010866794139669 1.5888538725181864
131 1.6921397910752758 1.693598111172061 1.603588238400085 1.6015253727832495
132 2.9812504847103725 2.9609302943606486 1.397656999936918 1.4055938364012115
133 0.8118658301750997 0.80024633650454 0.500700590064832 0.49567279075017173
134 1.063643553127249 1.063643553127249 1.8148922627351156 1.8148922627351156
135 1.9839634733496334 1.987273104460919 1.1424628022929573 1.1265511626184574
136 2.625351531324675 2.5959424716935464 1.7912497087870896 1.7724987154105327
137 3.12039522531267 3.1414402395493815 0.2229208517854143 0.2184878653126173
138 0.15781453638599038 0.16631997290128356 0.186580309723393 0.18769015352665905
139 3.100143030573922 3.139127974862827 1.0732684470353768 1.0844722397543325
140 2.575489883992092 2.5674436688137976 0.8774353727460031 0.8707485212877516
141 1.5159256410388515 1.5000094681882827 1.0459582512941452 0.9986402281254879
142 2.5232443007650476 2.5517459871114507 2.9798084891448062 3.2226899159222757
143 1.5735433601103694 1.5730861906416203 0.06995730429435984 0.060715098941077475
144 3.140368624224736 3.1415589463265556 1.4757063313245187 1.4752579007956608
145 3.0607388906174564 3.0793161446830726 0.3469285540913135 0.3096699852946802
146 3.1412639166834992 3.14119229097289 1.6681326204091882 1.6668603950529597
147 1.962706991226412 1.9489963244810966 1.3423962694550036 1.3481593980786117
148 0.2221475800678681 0.21980516231133845 0.3651574954786646 0.3716540385210142
149 3.108417343246296 3.1403930158364246 1.5055470652841598 1.5194585377073992
150 2.982122041654346 3.0073735673625004 2.643085647257004 2.649519067352775
151 0.8979827271944165 0.9054140402837161 0.5059884764325138 0.5087980902240237
152 2.5438763547395657 2.5452848733186864 1.5933712103215034 1.567445559120042
153 2.8423679848824466 2.8493581249592363 2.7779505898293713 2.78844470278129
154 0.04382318951100493 0.003407267582236808 0.010220559154505789 0.004182577334632472
155 2.8095172586998065 2.909282985928769 0.7620641554145854 0.750096025887073
156 1.4550930657979404 1.4187352115265404 1.6926151845512738 1.6911491306396258
157 0.2815622929451634 0.006159110349687445 0.184212504037498 0.005777381474809722
158 0.2075091352904332 0.00465078319290754 0.09619221602756799 0.009850782526584534
159 3.0782834510919437 3.041815392409416 1.6201804050937454 1.7442404603645583
160 2.1141127985721804 2.1010872192916055 0.8009507455297162 0.796259873946178
161 2.42423374584172 2.3769681711546347 1.7556030643796117 1.7482521727763387
162 0.6976213721066277 0.6970908586476877 0.9565907519668794 0.9602616566259703
163 1.9772124081081974 2.0071628486519772 0.414958924460502 0.4240578419842269
164 2.8649331819608412 2.844621190366414 2.132637624481279 2.152788146370491
165 3.1218628379145215 3.1301142524906402 2.7875637840802256 2.764715826241507
166 1.9572564732303628 1.9695011586170854 1.7869940060710814 1.8114338561898111
167 3.0331856138916184 3.035770571207538 1.496863497835183 1.5002314127510255
168 2.005621835732586 2.0050392557597125 0.20763415671024393 0.21876856502613154
169 0.17345852562921701 0.17120260269013918 0.27712023029234806 0.2733296937332461
170 0.003509066840576142 0.0022548277204901368 0.003733790086789111 0.0019440627188834375
171 0.36946115346239194 0.37005007892088576 0.7210460078479032 0.7364576822245442
172 2.987749500342613 2.971197357637779 0.5524103441022591 0.5285359854305623
173 2.902158713909131 2.8897051478773594 1.678514763965748 1.6945984250059283
174 0.07793285098915759 0.0011404976395464354 0.04265209317627973 0.008250843101850947
175 1.9127920277915254 1.9400416906408384 2.422702694105857 2.409228790540677
176 0.08665167093848586 0.0025457140982930674 0.03870187532012065 0.00587613406862051
177 1.7208546332250017 1.671386764556795 1.885619753900741 1.8161489077063004
178 0.1260707998604151 0.0061314804161850395 0.21455337868310095 0.008433962762424058
179 0.719355443530273 0.7266426613511855 2.611798957292466 2.615521244079799
180 0.08766089370616476 0.0016774096249681052 0.09453948199185562 0.002300159900426103
181 1.5488268199468123 1.5380597012238004 0.6804445824251898 0.6798698151635878
182 2.5299906469192823 2.5774657206989593 0.8388273573484535 0.8886500329950271
183 0.0161728407265648 0.002300288467517971 0.030920017424609907 0.006901823566730998
184 0.6824971449515103 0.5710616012843811 2.0653445749097252 2.1598609582097352
185 0.2124628365154074 0.16937879936376737 0.2786240812919528 0.285025712156484
186 0.0367806146887564 0.11736822668852163 0.32759458533280456 0.27169503855989585
187 0.014165805813269573 0.001782386482838922 0.015912300686950105 0.006930704441569571
188 3.058154188237582 3.1412382869202857 0.7912479210991211 0.7860152075168237
189 3.1162485195925043 3.1399495691120425 1.1546507400278903 1.1046022321885172
190 2.275570011000057 2.2690619504010123 2.2584691309777583 2.2566421246666906
191 0.11958806663857219 0.001484673793447592 0.05033546958959417 0.005245460032545598
192 2.4927482885535746 2.5212249919689853 0.9844001521719307 0.9924280835162012
193 0.3782123873231897 0.38212530901499814 0.10736864144064232 0.11363057024301214
194 2.4460266008018596 2.4532580893844718 0.7405365190627603 0.7501188099741839
195 2.428535170253894 2.416521999067941 2.686752801492336 2.724381902586325
196 2.6955639883193276 2.5481402494000287 1.2445004352855418 1.0363311334905474
197 0.34617504381281755 0.24907894650162987 0.1937408420927662 0.11638888286932493
198 0.4979464264771067 0.4871581820481955 0.1411656213463574 0.13741292567048227
199 2.9349818162158807 2.924245680042302 0.4407534670870158 0.44688931897959416
200 0.030958446178660178 0.006396887614179782 0.026765040453799707 0.0051741829399798486
201 2.072190235120046 2.090771205406475 0.5300983353880987 0.5227955826526619
202 0.03999918135309896 0.003734356517998091 0.028769912337745073 0.004744871266566153
203 2.7621930659847873 2.7452474314391444 0.20510197929335502 0.20364876268254686
204 0.024651725854803935 0.0005233573713466764 0.05661869057735383 0.006749462237139047
205 3.0859856129764913 3.0798549119330314 1.0039466541708875 1.0044815098484243
206 2.383590294962173 2.3711126629436077 0.5673930889802988 0.5758277461042847
207 2.694011445242288 2.687947145849791 0.742736939543374 0.7484323778870317
208 0.14724365094189587 0.008145227579811386 0.08809860213022834 0.008293074745201355
209 3.035151567921402 3.068600873962785 1.9579520602207756 1.9648607282618007
210 0.095719701592999 0.06262091933059011 0.153535005856036 0.12102738176406763
211 2.012377413234677 1.9310687215531837 1.4189527113942986 1.4471856135494243
212 2.7045644478939006 2.7392574887074157 0.855742690890836 0.8444384070692632
213 0.1545316657810834 0.10038176959713377 0.064676037773664 0.02678388822702555
214 2.789316337093943 2.8190098910571844 1.0154473989237232 1.0226210873575015
215 3.1412537197156976 3.140651279203023 0.8750274292087017 0.7088156916764038
216 2.089735858854236 1.996320914300492 3.3330486633351093 3.3341908164801675
217 1.8373778698073446 1.7967688753758244 1.8104300374891584 1.760906501341241
218 0.11237297725677993 0.004104000935136414 0.16344200829015232 0.007650019869746394
219 3.1165733794548873 3.121125140545387 0.7393057733705749 0.7407485526888673
220 2.9165588273395566 2.9225889215351204 1.5830425904089431 1.5701260941639064
221 2.8448196244376147 2.849474154953208 0.4247535364162323 0.43619345121143316
222 0.6097408725612757 0.5674611046210803 0.27119987382916333 0.26256506898314086
223 1.1255131215241019 1.1278110973940565 1.1902940339775951 1.194672278092532
224 2.6273719228046337 2.626748875263157 2.1655206842859522 2.1280337804855036
225 1.9843551782093227 1.980111769582958 1.5287660299980128 1.5353511989318833
226 1.4926575852424022 1.4980725219479436 1.9789918768842305 1.9890655245656395
227 2.393802833762097 2.4034823174437503 0.5391245842913441 0.5349565744277504
228 2.972688772786613 2.9765884217500185 0.8740416667337968 0.8716333113174389
229 1.6492761379265715 1.6761716326365776 0.823919005534578 0.8333869578872994
230 3.1168501579459202 3.120089321043572 0.3722152420036561 0.37730460858007875
231 2.832178830646473 2.8279747572477283 0.18520937822470696 0.181123595365331
232 1.2607866733112167 1.2381051616121124 1.0362544084673058 1.0488120515028339
233 1.6111638964458157 1.6323180393398842 1.0265106237593182 0.9799953682877877
234 1.7668434496660157 1.7547273488503154 0.7011916721848327 0.6846481319946154
235 0.6670722985693364 0.6628260269020877 0.2567414495766944 0.2542439947368587
236 1.5999188695880575 1.6105893823790995 1.7197550961106587 1.688482491492307
237 0.15154313804801495 0.0037125572631208524 0.13184081116379012 0.003122888954129701
238 0.10114898837360034 0.0013814972915121263 0.15094343806940896 0.1471893975209561
239 0.19377667829817904 0.16323635109154444 1.0478408273914783 1.0504725337139906
240 2.7574403328400012 2.7587268463098416 1.0589895366210107 1.0632560627323167
241 1.6701101602901933 1.6701282054894748 0.7284201577630488 0.7340260419087199
242 3.1180830904475942 3.1161839648061966 0.7089360875033378 0.7076390090616115
243 2.791879354595427 2.7740288949536858 1.5774229562127262 1.5733368846744327
244 2.6680985696543242 2.657469335473939 2.423016025002442 2.4148716795181007
245 2.1026494474827353 2.0832838095808413 2.4172560482848042 2.4413651477054823
246 2.7062609733935976 2.6754135652766946 0.9476262423432364 0.9437662103771068
247 2.958392095869436 2.941437384464723 2.1197561659539317 2.111072181097082
248 2.633968404593199 2.6347507835182395 0.25029104293900256 0.24887956074668238
249 1.6644826055765414 1.6590460416914314 1.105137833365149 1.0916137912453836
250 2.076408319962823 2.041250428209243 0.656470733122144 0.6655161105554541
251 1.5403594625176908 1.5427708769088437 1.5814930569823813 1.5751441015391594
252 1.3610126461933394 1.362111210458829 0.3478441633548087 0.3551713949766665
253 3.0372694712803656 3.132281519900604 2.087761698617744 2.184090043500353
254 2.8758735137984264 2.8791647327454686 0.4432936359492792 0.4239218773239157
255 2.071447975351437 2.0648418233679138 0.6112374480930283 0.6232633469305439
256 3.1372105500310217 3.1411004642957634 0.5143905389773104 0.5098927633463016
257 0.12359735965535497 0.0035673278537217868 0.14511504319061042 0.008633379690959665
258 2.5985053572840933 2.5947810263066633 1.2571066476760877 1.259817832908212
259 2.390941147825645 2.4015134660602793 0.35191388368788595 0.35504886369930405
260 2.8660293387789304 2.9532289716739677 1.2565765852545472 1.2538345297527103
261 0.7042163345461038 0.7137008776636201 0.21051327109341622 0.20877069232984757
262 1.6621672951146125 1.6751659515396433 1.1374158936166734 1.1247773555730152
263 0.31855911884893606 0.20327557739035776 0.24473032457203586 0.24767764919897467
264 2.7659818285826385 2.7487760553293805 0.9725536102959601 0.9571091525135558
265 2.4105119307687852 2.4429154871772423 1.2276958243095382 1.2498290494423459
266 0.2097979159928228 0.21569723959772455 0.24799950847662194 0.26506048299288276
267 1.1156802648804562 1.1206205046019626 1.327952092383486 1.3305633497371352
268 2.5998159803900394 2.6048006893304216 0.8028611362215322 0.8057713766361759
269 2.3851836348342395 2.3614851629815443 2.4144453539829844 2.4198994063421555
270 0.6609026523918202 0.6496988903402194 0.8424445147763298 0.8378495825433024
271 2.4530504217323883 2.4568909255226763 0.8620934891304709 0.8575956637016752
272 2.1341644098981436 2.154936823314881 1.1296920824998085 1.1148646485752611
273 2.7953039871569287 2.818864478081057 1.0738306405920681 1.0734630647011005
274 2.1112539374793506 2.109416795812303 0.8021900015101895 0.8052409094152517
275 0.22148591967460984 0.18984599920294767 0.1121402617298101 0.14982472243823602
276 2.664991450474141 2.6317941492798687 1.1145502972953538 1.1136863782759294
277 2.728646074949836 2.7386603164948933 1.4126042476451626 1.4202947612107162
278 2.7986833833820923 2.799198747111906 1.1189340095350224 1.0915203001602733
279 2.3987974057820023 2.400895506397263 1.656235171726983 1.6593715352228537
280 0.33544005443093783 0.25797907993428243 0.1724584103478163 0.17966805637326305
281 0.7406187390402209 0.7351338740996946 0.3001083366118358 0.3015980187019395
282 0.8430351147138256 0.8608864206199865 0.5994642959943034 0.6037369419045987
283 1.1948281418571611 1.1918422068404215 0.6860180649147857 0.6889869436990933
284 3.006842699407218 3.0187859265257764 0.7612178088850269 0.7513631871155065
285 0.06130965299476547 0.0010639256301047297 0.089439324303405 0.007942652571436965
286 1.4063738014948095 1.4048272333903424 0.662088527853614 0.6739259527032411
287 2.982520738245312 2.9959083141638123 2.45625379947259 2.439686700895565
288 2.757598244818216 2.7561661165065092 0.13256564790672745 0.1317416215678572
289 1.1185164661691707 1.1243808064496716 0.21468371948761877 0.20705456308543796
290 1.3129221801968884 1.3125218331312318 1.1277329503433189 1.150869893040129
291 0.0633486558579884 0.019511439740020477 0.09631178091011612 0.11396600455583837
292 1.1117425157420182 1.0940462801900201 1.5194270660881566 1.526976921785943
293 0.19013181454714825 0.17988319195910132 0.34076455459049315 0.31324251209324133
294 0.4766551930799596 0.4660974254005043 0.38698963667583763 0.3933401887878737
295 2.727787713820256 2.6965790730684684 0.660197580257702 0.7138036272165252
296 3.0136326153680963 3.0855783424956487 0.2547008733948678 0.25809797762319464
297 0.29566179064491244 0.010361137601031592 0.4667817167125724 0.34031399944203133
298 0.03631963219795338 0.0014743258482736144 0.10207152063891721 0.07775561642930749
299 0.526761571779794 0.5368512392321746 0.2732073035572341 0.26856421117657653
300 1.2873513083988286 1.2639714964257995 1.5035452279375077 1.4792009749407582
301 3.0205419522119046 3.0458025851839676 1.9922396881830995 1.5781571455225643
302 2.8762886294594447 2.9063846139179215 0.07410769670749152 0.07293968727478871
303 0.16412258452329276 0.004774803314570047 0.017778555219830777 0.006341768490727679
304 1.0655205846761098 1.0688200063832896 0.10649857349921088 0.1125613585361885
305 2.6211676369869332 2.613549235514889 2.014027608253337 2.0068446191935165
306 0.7862871271225658 0.7840739167858324 0.19575528253484892 0.17140754596918484
307 1.1234748280054554 1.1416794980797957 1.2195239033775274 1.2364721785587574
308 2.8819753490984814 2.9396048712577296 0.03450827246348609 0.022506681843450678
309 1.9644743622320102 1.3367137176504802 3.2504590091595187 2.426202677531707
310 2.6622221484496045 2.6788774453350412 0.15183680244995282 0.07217936553032445
311 1.8425906847559845 1.8326274045410813 0.020499232055056032 0.0021486900532935926
312 0.0942541647252091 0.07520591132626289 0.10644832135950974 0.10149404914306184
313 0.9132571377293827 0.9053828974533938 0.622126054027016 0.6298555860699518
314 0.546286816308944 0.5549863438901581 0.037560497903567455 0.02127086863284328
315 1.3401105925792856 1.2824552401739757 0.2967256284918797 0.2669458918683208
316 0.19934483236333003 0.01550301843140487 0.0684516603250698 0.06865608838296527
317 3.1364646200045345 3.141503013782222 1.624204779362749 1.5976223489461918
318 3.1121785346051962 3.08088391003665 1.4143871041330776 1.379887142840745
319 0.6512650444585476 0.6243606194430232 0.2823002064154628 0.26635413394826707
320 0.6200290457407646 0.6225654661179152 0.9239400987163502 0.9279133328242463
321 0.8881050797689561 0.818190534643029 1.2283010113032455 1.172679232854648
322 1.1307273119772654 0.8695693354120293 1.3968235531262267 1.1461942745343563
323 1.7094454571485278 1.673833779442 0.8219976495168695 0.8357057791136202
324 1.437616923752154 1.4385822289940917 1.5503208347187403 1.5420977079777132
325 0.2746947624142781 0.18022161244828547 0.11498636797965672 0.06011361476097753
326 0.2862518881692878 0.2912673199775881 0.17405191074008783 0.1616751785836715
327 2.3848012714024023 2.3722670560195844 1.3188130355756322 1.3130898511078082
328 0.2682003259929463 0.10553699197336704 0.1270887596592993 0.05509586167772606
329 2.1798648583920337 2.213131103145084 1.7393724202080572 1.6909455691707926
330 2.092109180278052 2.0955196162787098 0.29450055307784695 0.27070796495616395
331 1.9870549923920182 1.933261413735087 0.09432449633329781 0.006999876190548986
332 0.6908899505494988 0.10185518446476532 0.35956770551778955 0.06270087678655031
333 0.11907975971175383 0.0022732106120252095 0.30978129912128816 0.313420329046767
334 2.4875920588261895 2.4880490713155647 0.4814012013129466 0.4761921803565971
335 2.697201685634903 2.6855718548605174 0.9566400045682399 0.9673052807911652
336 3.132062951303915 3.1409282621332317 0.07432194037994919 0.006240587461394187
337 2.618657326215331 2.633564038907276 0.6825793063812822 0.6802606336621091
338 2.9443510760202654 2.973998866081396 2.9019928827975288 2.9257551465598675
339 0.385982034475201 0.38205638684293053 0.2433380511175865 0.24093317023892225
340 3.110285277644259 3.1409843221644715 0.5049598189212283 0.5286238148402022
341 2.2345726110347566 2.0973318983424085 0.12367587412078075 0.07358157954655212
342 1.7815668117379637 1.772844494425642 2.083755989059 2.0895683996934213
343 0.7547985122753199 0.7124706908575938 0.08485852158825138 0.038977674077770794
344 1.879186617409376 1.9059010028889278 1.1224189190533709 1.1148516904897967
345 1.7612768654371314 1.7313098325078908 0.34036602392538856 0.3522680241458967
346 0.6798029847579758 0.6880867659261417 0.09483171298112872 0.09614911998596583
347 2.6311538656904694 2.7352713676913427 2.2103219523894206 2.2529865919881744
348 1.7051912011982109 1.7324268958939235 0.1840916496187029 0.18416378953450885
349 1.2262794779368622 1.20879246057466 1.2614661369924807 1.245790740945184
350 1.5529484854069535 1.5439876338481329 0.38795156696598715 0.37848881174108406
351 2.5111770096239776 2.5115309824455014 1.7705024532452076 1.7672942469036457
352 3.1181417089781025 3.1351246013786023 2.273141197857449 2.2734717711918027
353 1.576837545649088 1.5544117090141416 0.2718107333035662 0.36792687653821593
354 2.071295499326838 2.0648914273764394 0.5773615607477143 0.5733768485720049
355 1.722301161779012 1.7756609942810784 0.41135101734399115 0.4012460736868275
356 2.3169221331449763 2.3148848253952488 0.7391391509100341 0.7416742223356371
357 0.8827328789835175 0.8923553555616358 0.1596165499329217 0.15482396466510687
358 1.987440564002369 2.0208378805527527 0.7972074675297895 0.856568249225692
359 2.96556647154035 2.9422266468338956 0.38141623739182745 0.3733205519304339
360 2.624439242123991 2.626567108449399 1.7550820350585326 1.7676638373304003
361 3.0823565763391154 3.0460657369189863 1.6728098487702778 1.672949150154152
362 1.6441889531778107 1.6184735090186535 0.30552789389356844 0.30758814833711623
363 1.5174456189046297 1.5626452216393278 0.5474817312946895 0.5229616155275255
364 2.69178054319662 2.670775627641848 2.5947176512050762 2.570084695357394
365 0.45059207518872174 0.4533754674268814 0.02650500576458287 0.00592031000232709
366 0.47208100603213154 0.43680359036701594 0.7245746638505889 0.7241702533193457
367 2.1560223234655247 2.1022951727065053 0.34063618275139307 0.2916197395992577
368 3.0667168282635675 3.054224085852431 2.721567211863411 2.70754395687716
369 0.14369284381355188 0.0016260349967200823 0.05296836835863862 0.009525219616381333
370 3.1278864815039893 3.1389025995939948 0.6881621443927722 0.6719939684108392
371 2.558204596696144 2.590711878252604 0.2672370838800261 0.2764589052233693
372 3.1325869988315604 3.139855924853082 1.0461444687653645 0.9853459104600338
373 2.6957824126471297 2.693729662543961 1.5563868942653893 1.5601931626068641
374 2.751551104172 2.7538551681128283 1.2589331882405839 1.2631596228458806
375 3.102551791855362 3.097356275741673 0.889713224013959 0.9204943171163635
376 2.9260871656442515 2.9231647797634266 0.852330733893727 0.8555969832772371
377 0.09589753290597484 0.05958715404589418 0.4774923741121321 0.4533348747792509
378 2.6956661120399246 2.7168810171441824 0.20862283522784766 0.20719560974680593
379 2.1672016980313535 2.166626345515194 1.1089434636693087 1.1013889533013526
380 3.0274605162841306 3.0244872059422425 0.2957030575648846 0.29518587245450206
381 2.9367872741025782 2.9431708666125687 0.5733648830946034 0.5640736522660803
382 2.6834210729594026 2.690634018497141 2.0490424693399647 2.0604041850290318
383 2.5973962826800436 2.6009925787533477 2.1002326212194515 2.1097715313005057
384 1.291713573613144 1.3319435820243877 1.9341782913707677 1.9216566316953134
385 3.0172709868947543 2.924398433937116 0.5150011352522125 0.6683896281083032
386 2.7836402296507425 2.7782197072407193 0.36415585292488256 0.37219986860896015
387 3.0237415563246883 3.009227788806942 0.7926839317301125 0.8037786756501252
388 0.20825732510543637 0.20734832827153307 0.7778091654638969 0.7776599928377275
389 2.5263982755187855 2.52437159530409 0.6754266091541032 0.6738710525655114
390 3.083688518174385 3.090445630243269 0.28509337872410784 0.28488733795958215
391 0.16543592865175258 0.21347577102835172 0.5094072724380376 0.5301236184501867
392 2.3912832174322243 2.343569121024646 1.663130220590724 1.6764176057624132
393 2.7687570060813647 2.760191985743849 1.2189490603862756 1.2068084155736065
394 2.777357259935401 2.7914797244402156 0.9588141510505936 0.9679881812993869
395 3.112978517593023 3.102613461648598 0.6682128928518083 0.6701633899106634
396 3.0157223585684805 3.014385724157838 1.0971283834730712 1.0199454900856746
397 0.09376479599774157 0.035027460686998295 0.25237087768578653 0.2512274317898748
398 2.8214121236486718 2.8175540644208468 1.0089980883541714 1.0064975331003343
399 2.155781850606554 2.4626718597466186 1.0673638546536899 1.0987229450744336
400 2.8164335568148835 2.826310849765343 0.5430185426223766 0.5586003485938146
401 0.5316842485551591 0.5266762424733766 0.4940329175970954 0.4812368382785439
402 3.0122701261321203 2.995328289679905 0.37811254646178993 0.3822645842888915
403 2.623354470092376 2.614762743000651 0.29864564682624894 0.3032434970397396
404 2.9541418711995866 2.956181039077091 1.0471482736204691 1.046674614942788
405 2.9437618175209592 3.1414544311011796 1.2367050710731609 1.3069687791040279
406 1.1882521491326146 1.1286906957121003 0.49828938422976143 0.4737038626779422
407 0.44725167796457926 0.4467499845173809 0.5861678063723628 0.5644142122599648
408 2.9453532308361097 2.9495467614085524 0.32133797196205177 0.29518476033068497
409 2.8587776419387017 2.8608962518529015 1.0229907893945929 1.0318117226193813
410 2.06413715390437 2.0339297747876386 1.6772733276169205 1.6671829527012563
411 1.9812249080858588 1.8539005623420435 2.2487802243466204 2.2548007101088126
412 3.057557586139891 3.061509442549569 0.11285554918007472 0.11800655008299249
413 3.033767550064129 3.030238379840436 0.1296343735658321 0.13188700267027278
414 2.107517237408394 1.6262504564663949 2.664449928955988 2.370585116577603
415 3.040753043402477 3.0356472847898464 0.7360553159857696 0.7201211400260731
416 2.9853340870483995 2.979612073740549 0.9339388456416101 0.9180342301476521
417 0.4762297408383275 0.4642613756576669 0.35004873691427335 0.35845820737232625
418 3.085068067247499 3.0822577398828113 0.9610414742525349 0.9135215756884574
419 3.1241730185949 3.1331231417217276 0.3698929994941791 0.3606012365097925
420 2.8314994895489263 2.8273039806320055 0.28907744401011326 0.32126036421846027
421 3.0580574848364304 3.0639809837046075 0.5310860941434116 0.5432341537755276
422 2.8643592351168965 2.868375732003739 1.157760013357156 1.1664104727229145
423 2.7032688200031982 2.706469885942162 0.968420091484116 0.9739411766655286
424 2.7973557823450994 2.8116885794049953 0.4085061817644729 0.4191533243952743
425 1.8911078558681669 1.945915376634105 0.6447202261916821 0.6514996021810826
426 3.0163771395755217 3.0125090079581254 0.2565665368624982 0.24336860733926008
427 3.104613577606429 3.0802660732727793 0.4999244761550923 0.5217128868097399
428 3.1410981939129297 3.125602152067882 1.8338651181642438 1.8875090901605587
429 1.3506310706192044 1.5670993355287428 1.832909904526192 1.9730351234365573
430 2.988177812938678 2.9674562765682326 0.1959756611887758 0.19132598715777832
431 1.8661902488309274 1.8203191332840791 0.3135141698344501 0.3033117188860949
432 2.5028509013839013 2.506282861969766 0.4904840498715916 0.4831373995271155
433 3.1251039621862287 3.1286027800745 0.4967491790522395 0.4981485339059242
434 0.8636418434302044 0.8662752855484079 0.4669453607091653 0.46689779475450843
435 1.6265539567395448 1.629163808303426 1.636958017506252 1.6365864283048421
436 2.5352950469119726 2.6944879653840514 0.2702020439593963 0.2707885530257848
437 1.576615921251731 1.582813360315653 2.599555349497733 2.605307663531033
438 2.9050174197239236 2.905104949160817 0.9944197292596892 0.9898255669126593
439 0.2692821713393614 0.12943707709827817 0.1396974597154314 0.1539777698109315
440 3.096878503203274 3.132796131697141 0.4312580504608409 0.512893488562472
441 0.39420717748454054 0.3490878957482065 0.3272934551973603 0.30561520506973233
442 1.7605034407040456 1.7605034407040456 2.129985289351321 2.129985289351321
443 3.099764265051201 3.1393664493013307 0.7778006873613749 0.7530200624526895
444 1.9467859664557834 1.921128364839723 0.6089654741122064 0.5969828586072836
445 1.407874958418384 1.4447607277404209 0.45453955324983136 0.45406724538190185
446 2.886004644365655 2.892601805070735 1.456607704130642 1.4826131964322147
447 2.753329528486803 2.7570839178578663 0.8795669283353653 0.8783521307027037
448 2.9380247089800493 2.9403912703780306 0.7493142574809345 0.7518603534976731
449 3.0562590007362633 3.064045467035504 1.3635299932010956 1.379148562820424
450 3.1126801050476582 3.1196255770920733 0.4698259415551979 0.48635373712172447
451 2.8271728106434617 2.828611472354897 1.6431624634036868 1.6404526229245127
452 0.14559023976690894 0.11725137662883227 0.341296489280886 0.3507392457247998
453 3.1415857190241914 3.1410100839668336 0.032889846798596245 0.007442563022932128
454 0.36960106780768204 0.10976349490307757 0.2387715332536762 0.027331985878334318
455 1.1924381857403143 1.1972194460626417 0.35631663472031044 0.3436643599923686
456 3.1383235321009657 3.14157104102861 2.165373704570908 2.184960387698336
457 3.1325591472974907 3.133759946162959 2.0068810022622365 2.0076377872665074
458 0.31229839722942865 0.2973024661688334 0.15833033611337166 0.14022925132358136
459 3.107088413639904 3.0912268486255834 1.879192718275277 1.8962279470766932
460 1.5142832197808622 1.4897998199192175 1.235352548746713 1.2488234640575984
461 1.4932275508962547 1.474798137525087 1.5776524834577184 1.564515486836959
462 3.1011336178378257 3.105951121614896 0.2743272206157239 0.2751288700046141
463 0.08453161895251425 0.0048943813476020346 0.08788768387255359 0.035307436587919495
464 3.1065816756229765 3.071349393600968 3.2203712847943216 3.147025650294232
465 0.2698480585681876 0.23925261562465028 0.17509582648484404 0.19495206987232788
466 0.18522783953526153 0.18997472919648942 1.2330787366003255 1.2301581595651176
467 0.06058951088015833 0.0016689009402728946 0.11061094453489737 0.09289891098504896
468 2.0861822664351064 2.098423645633246 1.6658167559875978 1.6801950520193918
469 2.842463149825311 2.8715686226115507 2.5028615680647497 2.540797889863359
470 0.3224018092560517 0.31628933220398714 0.5535424482371948 0.5480067550914095
471 1.552320637299125 1.6155776028376057 0.11286686327667644 0.0762454646569208
472 0.46885208809433876 0.44007331415225337 0.3642121247293903 0.33742547962645164
473 2.8894670498975055 2.8917670169990912 1.184753533448197 1.1910182842853898
474 1.09961318092777 1.0910259193066891 1.031252603881154 1.028338622816263
475 2.931408999124499 2.9359694792542554 1.6486022572102097 1.6442179009955968
476 3.0245994966185656 3.030784482683904 0.054550796332515084 0.04223422189788917
477 3.1127413773333967 3.112488260965763 0.09449969122180264 0.10180536217722459
478 0.30921823235484647 0.3172548693544566 0.4451634681174258 0.4341978471780302
479 3.019783199747843 3.1401890045115084 0.7946425538904734 0.7873480772334202
480 1.2878716724754673 1.2418286879337985 1.0010024270800675 0.9903467683659722
481 1.591336818083748 1.578408540079656 0.22413826312964927 0.20777055137881228
482 1.1175485418675373 1.0429949114300527 1.6587838632332452 1.7274678966149573
483 3.1414965789564606 3.1412242660722782 1.2748594612551625 1.271132525950314
484 2.87670732936356 2.9492846762338485 0.42663275670407946 0.443247195670086
485 3.1282976445638475 3.141405695014553 0.5521531490729018 0.5485554342195295
486 0.10532799314938066 0.030071905018663907 0.6447306904030925 0.6229616196230287
487 1.8901511564420028 1.850640799285271 1.267804412677474 1.23287376060445
488 2.4926084859718634 2.502112793485493 1.9849260448114177 1.9766870240002445
489 1.8363207530595038 1.8293344279440953 1.5523362544752508 1.5569139724758936
490 3.0718056759133847 3.078034729457796 0.2553198347836097 0.209192556032152
491 0.31115187884748746 0.20105595899714868 0.31671146881901036 0.22831309410055003
492 3.0962247842900066 3.140603771646465 0.1985256409296208 0.07210478659043239
493 2.594465220135176 2.448520872028531 1.349893068423487 1.5099618099911682
494 3.1364310778201028 3.1208573374863264 0.5148774929700136 0.4015205685435221
495 0.8585777175929378 0.751124570561597 0.466663918302812 0.1815073900393722
496 3.0713339727461544 3.0718164649994653 0.30347868947901774 0.24997416826724592
497 3.1415423420924165 3.1413791264060538 0.5891104885955243 0.585038571779389
498 2.754572352186376 2.7486850496492763 0.7672277082708191 0.7674717049928563
499 3.137808949251848 3.1378991618599215 0.07792871124611946 0.07581206004806286
500 2.8560410887173604 2.9414027021813522 1.1651229463326187 1.1970166706994358
501 0.6854731800379016 0.6735992775328048 0.44352711247763565 0.46517036596773165
502 2.3931306043233196 2.397393070505103 0.49442621850874763 0.4744203796249022
503 3.1121218844467946 3.1193411219852774 0.232644536885421 0.22081230383556374
504 1.5421914033642128 1.5429846263216493 1.1409524316404052 1.1526376259627567
505 1.5296204425251105 1.523224812741942 0.25862043824517433 0.24852964239208902
506 1.9982984107993778 2.014045970406334 1.8538079934182097 1.830558264361759
507 0.10047896890127157 0.07461463197702757 0.20075775765691506 0.1669934366060084
508 2.893658532135627 2.894527235199449 2.1852937891118502 2.1969607597480665
509 0.2325714787905032 0.23445471649216587 1.2519319149969 1.238502229536008
510 3.1332720986311218 3.1403155362586372 0.038651998748393486 0.012725876423407181
511 1.8350290380458765 1.8661363450478503 1.664729843093236 1.6384018263409588
512 1.165085247923477 1.1644807003131687 0.8059264888888077 0.8064072252883395
513 2.252269683707679 2.254187592707211 0.22845543179380867 0.21612686611038615
514 2.976679715912311 2.9830687359794834 0.4778268102453573 0.4777704243894467
515 0.24303326150173327 0.12246024267655957 0.21584295287274927 0.11417936594620429
516 0.09024921441608723 0.007833429805722854 0.4092686831399316 0.3759129757985572
517 0.43213074122510975 0.4141515226282826 0.5685861978870261 0.5520311670761349
518 1.6976001250638684 1.6500388340205796 0.14528437910244882 0.10560347430116347
519 3.131193277344397 3.1375149459308833 0.019445697938019563 0.011231380178255368
520 2.874002405706821 2.8619157642118416 0.8449741720382183 0.8444113244280861
521 2.865389623772059 2.8670289056743594 0.16787245708875348 0.1615723645837083
522 2.487301683711719 2.4801915559775676 0.6355010168216522 0.6341707524576312
523 2.5311153111074853 2.5173579617505633 1.1446504788531158 1.1400074503621502
524 0.44634508309661797 0.2701296040862016 0.25407725804377207 0.15590971608191648
525 1.152589303230025 1.2320378477903935 0.9841349005449754 1.0133137093752491
526 1.601073636045157 1.6089814496402493 0.3388215494340764 0.30019560011810603
527 0.027157812830238146 0.002612464452618518 0.01715475497251854 0.007393155643482223
528 1.2378764847449708 1.2068452844958855 1.2043350724432162 1.1782557039232726
529 0.3450268897629701 0.34909358995134737 0.3016000979428526 0.2815930258432108
530 0.5296317989794956 0.516134531814175 0.5449248700372687 0.48064253561951925
531 1.120055897249251 0.9880171260841165 1.5029605183698744 1.3651696569608254
532 2.9380804653966806 3.003517130282315 2.2177226360297664 2.0269897757523885
533 2.418801580818831 2.430280424780465 0.5770118532886639 0.5559637832103094
534 0.18159243906067626 0.14812867848129474 0.6709573305944424 0.6650471752491908
535 2.8851626384126456 2.888189866048609 0.750115904107142 0.7545283941640795
536 2.0811849490842116 2.1049162540307216 0.7996818818929909 0.8127609104026087
537 0.03340826123402474 0.003362074184915983 0.026471534682744373 0.019191446329391165
538 0.28787209159320254 0.002396053527695437 0.04453410233358737 0.007288386577225109
539 0.9351896327648992 0.7144914472187086 0.061950530213593064 0.07084108152104099
540 2.930967172630401 3.072780699781726 0.35475758142477326 0.3613973429484717
541 0.5382890408567236 0.002974183997554964 0.3368204964519285 0.010350506645557062
542 0.8136857712077429 0.7939305470458244 0.7954376859937073 0.8016782778996288
543 0.2399203669013771 0.1623342855511305 0.21743978906195136 0.2907449331659701
544 0.1631709823998332 0.13284299073536446 0.14330241206689168 0.11680378267308775
545 0.2262167825154768 0.03790814450893133 0.42649930028391714 0.4025641992848273
546 0.4472455126671408 0.45181475140302324 1.0798727426443033 1.0796471913388674
547 0.5047709121040516 0.439922924163168 0.5625861734215944 0.5505917456025418
548 0.10535200465813108 0.0036957907849968098 0.09798070834843105 0.014765719452065968
549 0.09341415195191029 0.0017453530712758232 0.13060940931211576 0.007321327977289552
550 0.2535456160837347 0.257073567911567 0.4158750188854477 0.4176467363036928
551 2.0299274885639087 1.9731344955069636 2.312004742017522 2.3423953070191894
552 0.21492344802070676 0.0045277042460736905 0.07060435289984215 0.006460683939922014
553 0.053104960408523916 0.002268364785973046 0.4028551170461067 0.3978170466356476
554 3.0392840688954235 2.959977598040771 0.39354665563362734 0.38985501003748624
555 3.057434758698342 3.0783173209479515 0.26007983221687103 0.2663353227822342
556 1.694364389987553 1.7117513518231726 0.16542757519117984 0.1682339347048149
557 3.128799167498159 3.1415686234910236 0.8792588347825361 0.9268408689631956
558 1.0739626382018699 0.9811308312847075 0.5308312076645901 0.515391024084991
559 3.117826213933131 3.1355920877957777 0.5341814019437795 0.5310185957687003
560 0.5120425305033703 0.3829563991291414 0.14990089509857826 0.07311764313938413
561 0.02719467122607199 0.04974441945070993 0.35675485104487226 0.3422828655586763
562 1.7954144592705783 1.757810731060689 2.421627749073757 2.3971179163461414
563 3.1306822040267908 3.1321883692441865 0.39205056423964274 0.3760638713846178
564 0.3180604613966268 0.21775131422086932 0.09794688868831053 0.0946984792658682
565 0.1760178781671177 0.005739994275964488 0.1961408071440397 0.0056858687455624965
566 3.1054329566521197 3.1365955968362202 0.30551925247041783 0.3559405159958391
567 0.7252007580613096 0.5314169785007385 0.17345054125235398 0.17832852771803956
568 3.0063428992131995 2.988803734404669 0.35881001729102735 0.26977891067172705
569 1.2104773145027434 1.177320720828212 0.8526182050487495 0.8540438102731529
570 0.15844227973363595 0.0022468166936254943 0.036545244254423556 0.0033524685778587586
571 2.733963680971576 2.4302707837301036 1.8617230202717319 1.7414373643683103
572 3.1221508973509104 3.1388294383766073 0.5823272668950374 0.6249263789229845
573 1.8661199147587888 1.841940991381209 0.9117559524758126 0.9063913257721244
574 1.5789511338230633 1.5731237466367147 0.23974414436611116 0.25600602856276117
575 0.2024545329870036 0.13345221715967748 0.055790778962528 0.04533970827209475
576 2.7530094217882595 2.757257916746125 0.7631547563877185 0.7649433454104287
577 1.6739865191867211 1.7401142864169272 0.9038907980567067 0.8840876231824131
578 2.862944896515841 2.841245113943993 1.054113676529953 1.032832718730892
579 3.1013234947016306 3.139613812742794 0.4929778785945516 0.4778445750830518
580 2.6133267121386625 2.614794628642513 2.208050674799034 2.1944122407191555
581 0.019358241464999183 0.0012859946717038006 0.021164656932741742 0.0030510705521178297
582 0.07691711846530677 0.0023007567465694375 0.07697882449644594 0.0060034652072071945
583 0.0587513367094181 0.004865940771531236 0.023796653642954343 0.013459680619715694
584 1.3195356724660798 1.2727899731524224 0.5142146691558066 0.5166784458719863
585 0.08807960891989979 0.0911602791659684 0.8049182574728662 0.8046206514920424
586 0.6358581695249421 0.029407705810354227 0.14242060370471837 0.0736616053584882
587 2.204657967791596 2.2465428035001707 2.4622527270694214 2.448072639674879
588 2.482405392701999 2.8459234621144467 0.48872797008111757 0.5389081796236775
589 0.22014769858659136 0.09584322058363458 0.17314890695779833 0.14663680979098695
590 0.29249193466851825 0.007690459501032496 0.22404009855731374 0.035792883777119
591 0.05900344595402586 0.016360472553599553 0.23432574207929308 0.225738531632469
592 0.6534360666435327 0.6716761818348493 1.461033713277867 1.4503373156371282
593 1.9075825464843652 1.7636756582302855 0.5984709724267431 0.5789712446968169
594 0.15051176528965543 0.10283749386389428 0.0941236277671754 0.016255656687052054
595 1.115144671560013 1.0944657445195387 0.7628151604787657 0.7544925089132853
596 0.1409816693467146 0.005220861629898726 0.056768812559362454 0.008181600867172336
597 0.020766605768714128 0.0026623611509037004 0.02633483466431032 0.007170849064329385
598 0.8207601154717272 0.9951362664769661 0.8047492973315665 0.8203802616386642
599 3.1112187249514096 3.139978666210629 1.6246810197227963 1.6215163384585367
600 2.933226273205212 2.950490153881975 1.5484346004859684 1.5451580946233547
601 1.88834485578047 1.853945474063285 0.8860370126132127 0.9052742691493586
602 2.572054506577462 2.58096523147606 2.381316457995539 2.383285224271131
603 2.992585532209784 2.9804719520670275 0.7560610885956329 0.7577561416233801
604 1.1329666483443293 1.0988056998523004 0.5729896928434697 0.5801234595130604
605 2.363914391614794 2.3617862533110117 0.4854979514575123 0.4817274004553293
606 3.0307936082505793 3.0130434787465084 0.20230200508444826 0.2063633036747074
607 3.125771740462408 3.104292641182277 1.3512705197606911 1.429455991795376
608 2.8532126254183336 2.881829018145137 1.2068101807200196 1.2145923787875386
609 0.30621918112604046 0.20315286177567532 1.0425065049319522 0.995166583108468
610 2.5244977334418217 2.509598666237239 2.3397867659049756 2.330762586695446
611 2.130260741854408 2.1293934968026 1.721942702494637 1.7140278820759318
612 3.138715635930446 3.136112098114452 0.4129417250255639 0.3302207545181787
613 0.7020146056044224 0.7046780054711256 1.320262390487179 1.3196616073285152
614 3.0807260730548855 3.066333947658468 0.22707808466707605 0.23127245124531842
615 0.6507375821638413 0.6445287031492948 0.8457634759245614 0.8520912904757261
616 3.118317916659517 3.1415072042532506 1.8488324565546232 1.8375263934519628
617 0.3526476629937027 0.3045507889372492 1.4500839672201165 1.458998449138554
618 2.9255589587896447 2.908612692754405 1.8536124537723275 1.8303763032402862
619 2.88705219769088 2.8755702055415737 1.3411651461878122 1.348046523891746
620 0.43476324804145544 0.41233155399605115 0.6418748576753253 0.5807390371733241
621 1.7098948066832826 1.7244804119432635 1.2644168374643412 1.2827890547149696
622 2.1973802519477625 2.1739343446891577 1.6249649405969142 1.620331720449652
623 0.10758963444689727 0.0338097663086449 0.1274093400786439 0.0968464274696385
624 3.002300928532796 3.0157092610521263 1.766254292102011 1.7467500302036492
625 0.16432974874269085 0.001469087039105288 0.14585959271841079 0.00495118189269806
626 2.6209050408980348 2.623455840246844 0.36999736052237175 0.3610182595589516
627 0.035333043780915355 0.003537357307687821 0.04043120348410019 0.004706419098647507
628 3.05674784422757 3.077427731526086 0.23022445928885485 0.23401433214179057
629 3.0686435488944457 3.0748385031644854 0.6407268207539283 0.6449773495307037
630 0.007748995828338597 0.0012242199135789613 0.49257076230850255 0.49425159829846016
631 2.5245911874811493 2.5221031541755536 0.663732275240384 0.6626859994491658
632 2.6431804736573636 2.64575741448585 0.3358444467677349 0.33830511025588633
633 2.519164634758345 2.550749068173295 0.9430917040574454 0.9356347069445853
634 1.6683670804687822 1.6107398983677632 1.1104026637741216 1.1243877142924104
635 2.7678331363275803 2.7621899716603737 0.8792944866701108 0.8844441762615944
636 0.12167322152383955 0.11157704502357257 0.11667438396415505 0.10622713746463965
637 1.057342830983235 1.077214462981464 0.7115945765215609 0.6857270471509396
638 1.0603917364201096 1.046046045319926 1.1102168006860533 1.1080963984255678
639 2.1449565630564873 3.1415579539266205 0.3949368613112153 0.37165461498150076
640 0.8334441429976923 0.7825692799950229 0.28669174526973673 0.3040973801100846
641 1.5744264672153978 1.5866286570623411 2.662135469142285 2.664196879961369
642 3.133801513808571 3.1210998587120797 0.2176084649164423 0.2263169191093385
643 3.045394391649537 3.071936037624845 0.4925691984332085 0.5050594869515633
644 0.17873123398445284 0.18487759326836695 0.18882671962703215 0.15809634789821017
645 0.24315713844505576 0.21801558747228272 0.09103704519548671 0.061709518757984916
646 2.9612728029650355 2.9627218675502243 0.36826644312242707 0.3463824415049843
647 2.223433622192694 2.204115194009296 0.6267443442158867 0.631717393343792
648 2.043956294245122 2.03364889577681 1.2620599455572583 1.2538235154039006
649 3.1152556810141614 3.0944555470002166 0.9466850121682872 0.9490717626739081
650 1.2714640070273244 1.2561973084304563 0.5874932008569748 0.5756309653817587
651 2.2529620575721894 2.235812806285663 0.6778457262862709 0.6935208441952544
652 3.0909303865125146 3.096106870176449 1.5137649514761247 1.5174547613337661
653 0.02725386837625813 0.00026110482548885296 0.18548800568458854 0.18819500817841797
654 0.7101271018531523 0.6730193256618975 1.1053839827054817 1.114535565476797
655 2.306050272424662 3.1384332056086177 1.5817750448918033 1.7232152229340276
656 2.855182289594292 2.9174217940100906 0.3911194639567446 0.38635277130745443
657 2.9592106584023115 3.141208958292425 1.0971542961202354 1.0828013884259264
658 2.075754367561569 2.107817526754387 0.36953184323300076 0.36133221687373296
659 1.9930516405027685 1.9899908263261967 0.8335919458697827 0.8525632120676283
660 2.199082845643412 2.175122949459079 2.028383986072587 2.0478883426120857
661 1.0490451190027974 1.0457482110311163 0.38592449384666805 0.3813946745545573
662 1.8988905515279335 1.6202936257691576 0.8086479177573235 0.649826714566085
663 2.5242211592998602 2.526630342715927 1.0220759411543956 1.027326720151228
664 0.054870506537738825 0.0009351456291129766 0.07976638780416676 0.003618406692680656
665 0.307017732600911 0.0545225580329871 0.17460362296700035 0.09374548488039139
666 0.2163633309121336 0.20681341038432446 0.2396884422880923 0.22973319220321184
667 1.6031225589059104 1.5876056227980264 1.0194277659975781 1.0001714042818928
668 2.3932843039726825 2.1758044794363345 1.3985791698436087 1.2052076414184139
669 3.0632757238117136 3.1375189434590665 0.2519416077785179 0.07064747049834838
670 0.0518977544635567 0.004122595484034164 0.13823505261344232 0.09324755225005685
671 2.559337813035039 2.5620781212275903 1.5967253197412008 1.5385050440334234
672 0.34045411363807065 0.32325313433997543 0.40023955591603955 0.3515140872338855
673 2.2352048700226166 2.2586256550470565 0.6652972000356419 0.6607391926034126
674 2.4510619191112615 2.452615928120689 0.7553531634269636 0.7489915858770398
675 2.8535762375098312 2.8532652377341865 1.315093214512589 1.3356207084995833
676 2.99351849706178 3.0111960572746743 1.3901579335119392 1.375148048568841
677 3.1231105985026675 3.1386432924682444 0.12533465219242368 0.044959999800118035
678 3.089306898008632 3.053870624740632 0.5308033543026041 0.5468911776866051
679 2.349427547341759 2.3342149309583906 1.114665817937206 1.1251085496054354
680 3.1347881245882587 3.1394874332561336 1.7812903236861923 1.779843042305572
681 0.3217568456182264 0.29031804504098363 0.05415716627941058 0.039723638654897024
682 3.137619984806179 3.141115031641032 0.882707543983358 0.843452845931831
683 3.007738773109132 2.9928735331971263 0.9614846817715221 0.9590831163755594
684 0.19304966960576095 0.004464080754890856 1.1400490475427012 1.0958494691599052
685 2.8044711087958465 2.793928077802919 1.5004425980345166 1.5001047465983262
686 2.889987010766295 2.9009471278474357 0.986813129452928 0.9827274272808978
687 0.5750062850086675 0.5720674508849699 0.6587284634346356 0.6674494474499758
688 0.055912240443031974 0.004984840657275521 0.03469431503676516 0.01197535868613212
689 3.1406094924805723 3.140237989599196 0.6208714146733824 0.6287005074758663
690 2.5299684407123286 2.651045045676099 0.8634099676208995 0.8991908539695138
691 3.084785829025141 3.0595356545415986 0.44985635066916696 0.40116184506639013
692 2.6626220527380493 2.6643521788473112 0.3762204467241519 0.372152209337979
693 3.1141321066276615 3.114371034300358 3.4254010635568606 3.4357761027482083
694 0.6477136788683497 0.5982132146214886 0.08097059316997782 0.10155955319202688
695 0.0790080302082327 0.0017678284957522601 0.019007835214360533 0.0065983334943473205
696 0.22965550041002325 0.22356930063181918 0.06257115551072397 0.055853589364595856
697 2.978553425734255 2.992059067362918 0.35052601422573243 0.3291744361196959
698 2.5689628420824957 2.6437136142614412 0.05961615379460333 0.06403307821277815
699 0.15086375822692266 0.0901619201702609 0.23812860350243492 0.159318379812027
700 0.11268146247499627 0.003368709055406137 2.247339434139076 2.2767062396806166
701 0.30554889776800376 0.26575217052855615 0.10923246012295017 0.11717478190323659
702 3.1369939919293404 3.1411333446527547 0.7264195887349393 0.7135721901828928
703 2.897261577262799 2.9805240539630016 0.46200785692675783 0.4303106179157677
704 1.401186093895739 1.4464342208083851 0.3702820952565675 0.39682526751410796
705 0.17993300709661705 0.031977231811389575 0.10685913008739825 0.035236088112035636
706 2.9928378314471904 2.9998847966009716 0.45413453961410816 0.43577231131546296
707 2.700066905315424 3.1349238003148536 0.5390629436214175 0.6811465763162841
708 0.042876042991377906 0.03993161044540365 0.08024081233822271 0.07259716381525831
709 3.04662887181516 3.0494317418372034 0.7468978204028149 0.7437522543194014
710 2.3019722879057056 2.253993971254043 3.5637526517404354 3.5638485665718016
711 0.18949773932941888 0.0022794020816108563 0.09330692261692418 0.0032314460155651965
712 0.3809725064063478 0.38782632703246767 1.2666665727269562 1.2812790767949824
713 2.285332804999299 2.2659496521436098 0.5152534835274306 0.5055469071541766
714 2.739138798375629 2.750072684718464 1.0648634175431289 1.0548286343211761
715 2.4816159102567172 2.506175566389191 1.0958643656830824 1.095410880174581
716 3.060411034598203 3.0562732501348635 0.916821052337426 0.9072223671030447
717 1.7595901202853426 1.7594712163994342 0.5081715179537495 0.49802968928437985
718 0.15192951314175435 0.01374011379029519 0.12273821073401704 0.08139550655650274
719 2.473966529352048 2.410438350228937 0.5362559117036618 0.5464098200043853
720 0.08517822032442182 0.002833547723720706 0.08721435845782467 0.005203590331849053
721 2.779994889915851 2.849866995770743 0.47302512763417387 0.432349696056449
722 2.023574793833512 2.028658836386448 0.6678055966961731 0.6401847768781863
723 0.05241184764637988 0.009193755316187121 0.3560154131548237 0.38122680286413513
724 2.616062652068169 2.6165831226640783 0.46384446225021614 0.45597832435502317
725 0.24799137709329164 0.23423773066251316 0.16191453223765007 0.15834343636817025
726 0.4238477835384696 0.3875703024958775 0.15921798136234208 0.15094829221629363
727 1.4481988066301663 1.4213466162143116 0.3446294000611449 0.3340513721447739
728 0.23941942723142812 0.011267165851383733 0.12981283087128495 0.09203946232277048
729 3.0787233793260698 3.0775607221371315 0.16549614224958414 0.17082011520742138
730 0.04665738094003233 0.015811973269568593 0.053830001738265555 0.022212756655316954
731 2.979152821976917 2.9920148032810907 1.2828696612881554 1.2805761689241815
732 3.1174293969601834 3.1115589364506557 0.25266025502096484 0.269244301904489
733 0.1058510886862913 0.00325686874644231 0.07161220970992685 0.012400950706902197
734 3.016222438357554 3.0188154916585517 0.48900328345031335 0.48819430512900164
735 1.1785021677077587 1.1705506194162025 0.4780586925803569 0.5013582824727069
736 0.2981572423823688 0.2777463137083483 0.4838493927028216 0.48440581242472497
737 2.018158157168281 2.0273272476887003 0.3949098214090555 0.389678777630534
738 2.1256502068897176 2.1701284837752506 0.6333888505436601 0.6157442011410568
739 0.2090446369192915 0.003908164565544525 0.06781566584517193 0.008710027723499608
740 2.4752659558100696 2.4692159714351734 0.3407303268553195 0.336372139791331
741 1.3569115826177018 1.3610182363199081 0.22144688643523322 0.2166469352146137
742 3.1392164571030725 3.112021939824246 1.1234335752781184 1.1139520652694295
743 1.1380300123884837 1.137534206556218 0.9383204734536881 0.947461031925527
744 3.0969613238476312 3.0878934117105747 0.23274872815359368 0.23001849069468427
745 3.101228867500307 3.1337291550156974 1.6157535017250515 1.6079064180614098
746 2.9989706507614615 2.998467707494282 0.23004490843526038 0.20637514103039425
747 3.14026273216901 3.140415499003658 0.026195602521140088 0.028187818358751473
748 0.44448959425309204 0.40635940963646217 0.19234493268595454 0.17757427102812445
749 2.2962962012896533 2.2863402362943397 0.37375453048277923 0.36501187129086915
750 0.12441932179963734 0.002050804318836455 0.03678676035438731 0.004500780953107328
751 2.4067580151157104 2.4068065549269844 2.580837993868762 2.6261225652581413
752 2.7437699014234855 2.7414759035883156 0.36323758806650097 0.3690425859785571
753 2.1428564184020673 2.143016903273029 0.331221829142886 0.3574343716589271
754 3.0938912938482765 3.1004105708082057 1.0385969632264442 1.0225319778975102
755 2.012898947272205 2.004197689753142 1.32132487001468 1.3108174013173495
756 0.3843806510670034 0.30492572580647764 1.578242980492873 1.5701646105989002
757 1.083458997298706 0.9665422650216131 1.1699997133351374 1.2943570904017394
758 1.5607296835742164 1.5759194302585 1.2538953765499476 1.2613265741576496
759 0.3739171730272542 0.3700242474808364 0.3768782964151294 0.39306002974526677
760 2.9177281064882874 2.958656394787167 0.8845902783603437 0.8567285418368155
761 1.5256630413737986 1.5540293014275108 0.9043432254683256 0.9058214424525443
762 2.3979355341915847 2.3472435887957146 2.2143141832925064 2.211487518156985
763 2.404825955405452 2.4054666254308708 1.192988145840828 1.1983688682125975
764 2.4907362306984515 2.5214520440533987 1.9290158147410288 1.933963732075003
765 0.06980231929877621 0.001492933439613437 0.03017184417443953 0.006106302575058194
766 3.127494885203659 3.1292215276352047 1.0592556498894843 1.058646471390821
767 3.110221139919353 3.1253461655272967 0.45154123895294357 0.4458698566895383
768 0.2876040165709403 0.1256474730110052 0.21397059327857085 0.1658731828027064
769 3.0259757722292213 3.13944455631342 0.8659853917836801 0.7851833657523487
770 2.4223318244265344 2.420254709248711 1.7495353702703984 1.7510230751407283
771 1.8225579189135608 1.8021801991125892 1.8082254082537463 1.8052321137417546
772 2.791145947871532 2.782503179599214 1.6026665027755074 1.591797962173396
773 3.0509616254669036 3.0261042171980623 1.0885297210166414 1.0978584728690093
774 2.4561438867861436 2.459306433027695 1.1245106137835366 1.1289221961766265
775 2.9161130513867985 2.8980884552915622 0.28694977151281875 0.2261697141112494
776 2.84454748975988 2.8606961291701993 1.225641772123108 1.2459090123618979
777 0.4829827913398033 0.4830959122137445 0.745085387466256 0.736241669352411
778 2.7267559870629494 2.791088515169697 1.45327791121696 1.4662632667552415
779 1.4126229163966455 1.409911704592095 0.625794988343301 0.6183339510135276
780 3.1215429186960253 3.1369971167409467 0.12099864558507843 0.14203940517012964
781 2.2817292697219465 2.276732777907582 0.613747755749542 0.6235616261389189
782 2.593430900029089 2.595790743602289 1.099240490490359 1.0951898859775488
783 3.042203679664281 3.050420362979701 0.5283199369550335 0.5494343025781389
784 1.3693153490329126 1.3814223471380005 1.1504730555522589 1.130925902900364
785 2.921285699644223 2.925479963426312 1.642310387600181 1.640838927232903
786 2.492302334569077 2.611461958899715 0.5063350546579988 0.25734992207958624
787 3.127503144123766 3.1413019817611847 0.5091634887151593 0.5280480099152534
788 0.014418905086563218 0.0026547471924709067 0.023611910455457175 0.009031388886925429
789 1.9435751073426135 3.1413171205500277 1.0110685163397224 1.0835490932203393
790 3.0604664890847695 3.0753404940013027 2.7653437015989972 2.7293308201874553
791 2.3096051610985855 2.1276430509773623 2.1868788532367973 2.247279928336413
792 3.09629025309536 3.0977510431985023 0.4847012564371838 0.4693273705764687
793 2.7899678890008732 2.7789435314704924 0.7607261278286449 0.7504942209268527
794 2.67865213679577 2.6906178720518663 0.832151598133126 0.8296907411607808
795 2.2182713051585385 2.2656887590755668 2.105945049239957 2.171010176926477
796 2.8429008487692955 2.792743286870927 3.000357705988289 2.9163155271782486
797 1.1000437381655077 1.0392422002989858 0.15493354703187862 0.15422071944323387
798 2.232643739352561 2.2384748841182405 1.5649279252173083 1.576140505214445
799 3.139903726308727 3.141531825624304 0.24023146073638163 0.23455508018036514
800 2.760358345648401 2.7793615340054094 0.3884298338307067 0.37773989626151727
801 0.4931599628544887 0.4879453622470622 1.163663871830009 1.1887926097827457
802 2.8257989088723057 2.8420046438680955 1.1683051850010064 1.179447405241093
803 2.669142376469194 2.688385756742159 1.7713174316402334 1.7782552269871612
804 3.095538145972105 3.1270230378141872 0.6297056819708159 0.6314265427677219
805 2.8612870741641325 2.943532014353363 0.2754690356534472 0.09543063632353983
806 1.9437635715710286 1.9426005058907219 1.3759762831872473 1.3788460708358607
807 2.860736875297399 1.5725493952665848 1.5563359578196345 2.320851336626641
808 1.6629165018899283 1.6657890010600263 0.48587359697580856 0.49810798264858963
809 0.18774149405025925 0.19015733963844234 0.37564363650695226 0.37058313446698277
810 3.138638991567662 3.1409716183734933 0.9480324556124607 0.9638987824285319
811 3.137665639489219 3.130544195889844 0.7898217009931906 0.8053993261835094
812 3.0382587928256486 3.056540429195225 1.7328589378944563 1.727794863607042
813 0.34371093599451247 0.32919701997757767 0.1475941940981787 0.1453946562725132
814 2.35546933031838 2.31940196260439 1.705042345940076 1.7037479935264757
815 3.1070584805730626 3.102592425325632 0.6551201274936107 0.6454248136926584
816 1.6649863438785166 1.6739182767762721 1.4941779100613692 1.4926050306322152
817 0.0447837125853547 0.003922355526348086 0.08785706579270053 0.053234454196810346
818 2.738747507852557 2.7881565769182313 2.4020471276445123 2.3986362241707995
819 1.8389579094196902 1.8266478122515675 1.3568243505250048 1.3511577182920746
820 3.1389570228613675 3.1415156949043133 1.5329776869759455 1.5304687503470817
821 3.096135854867054 3.1172545301717287 0.6792876187526198 0.6444114422514378
822 2.8312171390699703 2.8158166631655224 1.8734198194286662 1.8670738256194583
823 3.1378636116501353 3.141409556688428 0.7550808061329547 0.7514528807571469
824 2.8574705471666895 2.8628603190275776 2.7417042236216775 2.7371754310273126
825 1.5849401588393104 1.5774614230298847 0.17533186314315055 0.15834984503106028
826 1.820403679572429 1.8180273254429726 1.5099128637734165 1.5152704491890736
827 1.2742597438964625 1.2614607087405798 0.19720467085704524 0.19036535608002034
828 2.0461122164974435 2.0451105364117943 1.1326902134650656 1.1345022355822096
829 1.5069994752403146 1.77550744094115 0.41777730587346557 0.4589372923933733
830 2.567981075829751 2.6077579513454334 2.536075050017523 2.562570630066222
831 1.8331453825696666 1.8180104988344097 1.3775392263533268 1.3732117484421675
832 0.25521453639534725 0.12453028900305092 0.12853257881375296 0.18317342127862893
833 0.032014937034364054 0.02455323810974664 0.17963623740498225 0.17959705296239376
834 1.0220886169322574 1.034133764148033 0.08726983939362128 0.09250473720550888
835 2.6330436444768957 2.6331559976351575 0.6362641939077055 0.6194190494369796
836 2.6565282660415184 2.6602413415326356 2.7437970879752123 2.751870045922496
837 2.2425273738372393 2.239995147972616 0.7947992508471502 0.8158682718914567
838 2.210114576620837 2.234175912769675 0.06381365468334688 0.060497995590420156
839 2.6357189261523275 2.6464896368760793 0.7097847887892007 0.7191149246820842
840 3.1336082547982067 3.1407292051634945 0.22044339742652463 0.20813830527821237
841 2.9340836800205077 2.946047116929255 0.43326382392829293 0.4407449136348143
842 2.6890032826986134 2.6678475005622273 0.33152640391316 0.330877884871665
843 2.942001445271821 2.9310844044646776 0.6773651563642425 0.7047677759953405
844 2.748406927286871 2.6770452955613067 1.5746867344181954 1.487319385408028
845 0.04266631222656582 0.0019355702032336113 0.03409621518351901 0.0097360625432793
846 3.1013824352108386 3.1406492844182194 0.16660779265667022 0.15978840491947502
847 1.0101896934235954 0.9917062121072041 0.19766396330887218 0.19486422882988383
848 0.02168989925843144 0.008703973703142407 0.021450452718637086 0.005047716510434791
849 0.8416971482321777 0.8157068131953006 0.28040137182228203 0.27328749907723454
850 0.17797969213838968 0.038052247978194065 0.8300721086024311 0.8401617988374526
851 3.036479129687349 3.0629190238328254 0.5187881785942764 0.564008333709476
852 3.047261686674683 3.046641096804307 0.33151577658946946 0.33411275394885315
853 2.9183189567283225 2.9263131133619855 0.7286459002372947 0.7293332392537618
854 3.1391824427575705 3.1413863084180496 0.840905592609343 0.8445689456523565
855 2.0210602996798057 2.0099746211240985 0.4174719100514214 0.4360953171065785
856 2.3515630082522687 2.401242733733217 2.6668040695375907 2.7067891804452597
857 2.9269793646879045 2.9364465605514805 0.5394927185761642 0.5093782880482153
858 2.5327446691378794 2.572930997728916 1.3030344943195014 1.2733092099612568
859 3.020121983552083 3.040686113315027 1.4359109007185937 1.4775398681381773
860 0.015955398356760724 0.0010043782595701906 0.03030714769201115 0.007222030613192654
861 1.60294790237825 1.6008292607628383 1.3564076282142785 1.3573241681455557
862 2.588763678520763 2.4924308030869193 0.6656282188144763 0.68239942664218
863 1.8003280408236402 1.9475309295412429 0.5766147291033685 0.5946245942294811
864 2.529528990251107 2.483305881923656 2.0248766524173463 2.1561928070426037
865 1.3372968071279192 1.2633025581914257 2.0247405940388172 1.9587708514219062
866 0.216009785158499 0.18346841932161256 0.19102739528749446 0.10762737176968419
867 3.124030828105289 3.1355927322355965 0.3722580237731614 0.360005017720988
868 3.0600797777252033 3.052438925207882 0.6489688284295142 0.6443814766129956
869 0.6069028629714042 0.622228726878657 0.7317403540436452 0.7530799843167938
870 0.25867954948522504 0.18775426268792386 0.17236646777898065 0.15262804194209836
871 2.9117814356907417 2.916264116001365 1.5708863011470395 1.572218231400216
872 1.1161444316889195 1.0640301865613602 0.23697295380159972 0.22039121463091388
873 1.8050092526516053 1.5913783715325158 0.3910334046940576 0.28753635523757504
874 3.114293378909628 3.1304908890824974 1.5973272871104722 1.5942907090334633
875 0.026114404983314035 0.001053519040315435 0.019077630426941015 0.006386942357018474
876 2.1300584164583056 2.1129679949528284 0.26858077859972807 0.26402178255793257
877 2.8912043834941232 2.891679079859261 0.2982234867761806 0.29593507370536276
878 1.497687741976647 1.5246420503227132 0.24648233311154352 0.24914556006583935
879 2.702372203043352 2.718984098999681 3.0866665877228825 3.095304061438483
880 0.25051355546516973 0.13209279671727173 0.23541753785999028 0.15371247049753642
881 2.8758010901888573 2.837259125455387 0.11997438602863188 0.3031228420854022
882 3.1184665660108886 3.1098568965986253 2.907584810383527 2.9098472632803443
883 3.0840529497338656 3.087224891683593 0.43076306619087995 0.4237054852109264
884 2.980139997100429 2.963504630154108 0.9830156039630964 0.9870020499036657
885 1.016368930143673 0.9950941827747518 0.42146641579703764 0.3995669511379628
886 3.141381985027143 3.1412410026360837 0.8532906314479515 0.8418949601818391
887 0.6100170662139496 0.5740074648682228 2.6028622118228717 2.6259682919157945
888 2.135851257269679 2.1338537171644063 1.8076866875312556 1.7799930716398593
889 0.26475463061014065 0.11284110538277375 0.13677865408824524 0.03929179606586043
890 0.09357191434759066 0.009084226545503234 0.04533842081770942 0.019785967309921805
891 3.1399682960014443 3.13977673777378 0.7276899219560959 0.7239063765545787
892 0.8070970683295688 0.8271300091451429 0.58356450684863 0.5798484439684428
893 0.6141388611371797 0.004971044517984058 0.2813162396461756 0.004559384107519324
894 2.670344874966609 2.6218973521028355 1.1352435800176888 1.1285952468460723
895 3.0182219955888296 3.014149654253446 0.9018357553422286 0.8944258466437486
896 2.9527005895328204 2.971392619993133 0.5755878286045156 0.5728648291810065
897 3.0327209669298174 3.134044509797827 0.7786590420019902 0.7647478883632749
898 3.0306694143517627 3.0679240062632513 0.5261494450559785 0.5507787992894353
899 3.1301919296172325 3.128256581291398 0.32207936458854713 0.33986255394934767
900 3.054407128095565 3.0752012974995453 1.9855865883243367 1.9897666308600555
901 3.1239930007088663 3.135630088649135 0.20921946327975982 0.15906261393003313
902 2.6607553479037493 2.9170645460061015 0.21036252972282582 0.2930029503878838
903 2.3401350287279286 2.2126098702794215 2.3438547803816983 2.2980092311158193
904 1.4024483451597307 1.48727848874691 0.8192650890539521 0.7736752965595592
905 1.837518597642302 1.7230855780407215 0.8324291163333307 0.7937126840183765
906 3.031551217882225 3.120174469470625 2.0705802801617454 2.1033876410872057
907 0.16110236000155193 0.00266406477076908 0.030729002791826304 0.003179507808775643
908 0.08158990765083912 0.004331422815178756 0.039251664333079216 0.0035817128503789013
909 3.1311523519094453 3.1413262628134393 1.742798683474794 1.7447794660963132
910 3.0679840959278213 3.136524856961849 0.23552260708014994 0.14590421441226806
911 0.6065854358069718 0.5192208206854635 1.0167857039385366 0.883207146700049
912 2.0432875922253024 2.052497447200322 1.9958979858854702 1.9715150329453248
913 2.2213578952879174 2.1723669108959744 2.3777215167953822 2.3900128653475767
914 0.06214224010422113 0.004726976257019748 0.07211463452766986 0.008209129555644602
915 3.0940254633908775 3.0176920263023286 0.1332820848230519 0.08239292709992371
916 2.739070002873421 3.132401320524946 0.4931968480074943 0.4777558518189216
917 1.832088474749736 1.4638733378479345 1.203052315706061 1.2159898933103988
918 2.958463210085532 3.1408939507000304 0.41793560985391753 0.2865734159678845
919 0.2054044127610803 0.004199079971784584 0.146266258337893 0.003944970163298251
920 3.1243405521605383 3.130148864668993 0.6060010803339861 0.59855492578717
921 2.367579338505285 3.1155447300080055 0.7593345001382714 0.7185639324214489
922 2.981116247196029 3.140869352827502 1.6833884275523394 1.6741313806354419
923 3.140982794051258 3.1356293791606724 1.3071717059259627 1.3095033627283748
924 0.02505090421349783 0.0035723420543718604 0.02660773855677425 0.0026307359404799664
925 1.5007646344745011 1.6550519296257682 0.45405137748468566 0.3912083802693369
926 2.8550888928010965 3.1412041132301547 2.831626661404773 2.8660037840004624
927 0.46069145178433024 0.005820632091354598 0.16805403380049524 0.002336412627458012
928 2.7572478176286324 3.1412386165407065 0.23291310176865115 0.36412368431495656
929 3.1410991549382805 3.0825232071178466 1.3964370151193328 1.4226964344132975
930 2.9758569392856167 2.889998247916522 3.1643021617531324 3.1604097178325676
931 3.085311227454613 3.035205363695787 1.9286961959475466 1.9297830049307498
932 3.06189417322905 3.140489104088412 0.11503691149411041 0.1112410527212201
933 2.2204416866804912 2.1029930314943353 0.12910379512548617 0.08027737347090134
934 1.9005356955173147 1.959029607512606 0.7270193712915222 0.7187130540047187
935 3.0778615914668737 3.1313000048738977 0.06741309781264897 0.07975643369274127
936 0.053821201544150266 0.00819949096702689 0.06081623762293116 0.005437733947201841
937 3.024601369060821 3.1325640538672186 1.6340952523882106 1.6347024018423666
938 3.140825504548394 3.139331824751545 1.3074155802797043 1.3186683940337365
939 0.00989642598295676 0.0008570023613546019 0.08121455414602947 0.003712540592723248
940 0.9207473326856979 0.9058980160581089 0.3993634352857001 0.4337764415194448
941 3.131225974559503 3.139267250263348 1.9952964659563706 1.9959751817939666
942 3.1383370242874755 3.141025293053799 0.4090681304766012 0.4097367658538965
943 0.043090364965979705 0.002399904138002059 0.07851920118191827 0.011953018741204354
944 3.10398245278439 3.1373166775516803 0.40682813357254666 0.3494741396817032
945 0.146948028128853 0.0018297291112828317 0.13355694368577542 0.0058532825177459264
946 3.087401652626583 3.141556647512194 0.12459735025692932 0.13114194509594415
947 0.01603658959844146 0.006326386104183882 0.08938842764384011 0.07756690506739614
948 3.1000739735345744 3.1403249892183065 2.0760938434842062 2.070891987206617
949 2.7270793174918095 3.1395399492839 1.2499631516162335 1.207763766482035
950 3.1327646420082402 3.1412747310616846 0.5839642233596006 0.5799579657663988
951 0.0793483605651672 0.004042167637401974 0.09378994815224273 0.006065685573533098
952 0.03920716677131216 0.005165465097807647 0.06046479717425782 0.0051983821555557155
953 0.14150687121612288 0.057258796383544 0.1475516225058633 0.11613684345608374
954 2.9198093406409353 3.0554857212374884 0.3374633923254736 0.3140701330295368
955 2.355162497603128 2.3176837222858673 0.536232949148249 0.5401861458485779
956 2.1221508149650217 2.1094235504198395 1.8727001260359644 1.8565168232201716
957 0.41198978426900856 0.04506129223315119 0.15583978994869443 0.07974876771846784
958 0.7281034110237518 0.6972313476411045 1.845676088597895 1.8090186083570514
959 1.0728351517205525 1.0748986397696163 1.0643412280249982 1.0673987806977698
960 2.9060156370826586 3.1402277652070896 1.6256203229879576 1.6360579790704812
961 0.02296045708355785 0.001690379182610844 0.011159366057426172 0.003964439681350554
962 2.8996410765454397 3.1379231821770497 0.0947264512595483 0.09902029372714859
963 0.13586676839090464 0.0034735766992355765 0.15011691352905962 0.001365368253316946
964 0.04952992586920576 0.007630913006602366 0.1438841432368404 0.015003834688585516
965 0.4293166947682408 0.06844211638755579 0.292407945566892 0.2524240065415989
966 2.8371747143192794 3.134618263777459 1.555582002343158 1.5446785616594012
967 0.20073388546190185 0.17800991808573832 0.27667689651943395 0.23478281115275826
968 0.05687300470554648 0.004056680116127441 0.03749042981013425 0.006866974871244046
969 0.25085797814716165 0.022167752948398168 0.23527886275139034 0.16196723001441782
970 2.84160824483722 3.1309072401233506 0.13624051346295812 0.1559717405771292
971 0.014415991474617583 0.0016720843399613558 0.02539661476743342 0.006970902380550772
972 2.9435887704999684 3.1407197583124273 1.7493262569530303 1.638018273199684
973 3.1392734668895086 3.1389823882986327 0.2994917289749054 0.29926566747131295
974 0.286712147312247 0.21861763579195548 0.3805826602592806 0.34804438932831255
975 0.3479642088947728 0.3348635140890117 0.32695514625670036 0.3068421387117096
976 0.3509044181001236 0.3453134430717103 0.44502759206229625 0.4408883415323211
977 0.37098461752616413 0.371830231202983 0.2312838625486419 0.22606543464202927
978 0.10284038229691532 0.061174940891337806 0.2208768842860259 0.115352393054908
979 3.110332487258273 3.1145850141322806 0.26534066746595636 0.25766582300483654
980 1.0491222092765544 0.9673580263737693 1.7097391489470224 1.6062418977867554
981 0.4543798165671199 0.4354517689105908 0.4903069777419672 0.5128281477346124
982 0.7268240768553191 0.48951769778459164 0.5644500941212085 0.4105408462685272
983 0.8962770926330405 0.7932030967129372 0.8779840200043015 0.8003722233952365
984 0.021160210045504963 0.0025343526945285078 0.031179689458389503 0.005416992271521102
985 2.3649349373014528 2.373426589833564 0.5783648990660492 0.5975196631816038
986 2.190745820153316 2.2383324000646785 0.8805882348262066 0.8754438519040119
987 3.087088643903954 3.1002723405585635 1.9884403108238962 1.9903910011286534
988 3.0238378873217138 3.027449670482264 2.946642197349649 2.950649777067067
989 0.10699698777342491 0.0024537269618291175 0.19092988862492136 0.0041790643692211004
990 0.10367013451287604 0.007003506191382906 0.06039442051995128 0.0074081087149207026
991 0.1319525605335623 0.0019167223189821914 0.09772539131146474 0.004678680995768069
992 2.0938291623256613 2.103340735083943 2.3827656291957697 2.3765095429203784
993 0.4936353323224033 0.4759330138183191 0.6183733687086488 0.580714432798455
994 0.9619964767961171 0.9687808137585063 1.3070223609619804 1.3305645564417108
995 0.0562502188298955 0.0027898308266997326 0.015915902593589135 0.009585597617426852
996 0.3253131308663561 0.32796604865531287 0.11906292663230339 0.11889981342142525
997 0.0957525802191052 0.025846421866080087 0.17519228347110588 0.11485374012041494
998 3.0847861563491605 3.032338530148636 0.6345803461207297 0.6365676401894359
999 0.24926017553879296 0.25182737770265806 0.5485972920000746 0.5502030716776282
1000 0.2982974799796902 0.2947560164276572 0.10869759147183908 0.08772533547537367
1001 0.1451585930770238 0.1002180748365295 0.11722873798144792 0.05420646624636312
1002 0.06389126313844974 0.002914369891818438 0.08550048821389639 0.005947505514735491
1003 1.0754777698599471 1.078309387856308 0.412392724972952 0.40487015362623435
1004 0.7528138205846586 0.69696754522212 0.3483736111477059 0.32570788278289786
1005 0.008197598567696387 0.0018258926851104761 0.004875043835902503 0.0009007662561612043
1006 0.7986290712915173 0.8049524232625443 0.1888594444015158 0.192407939030443
1007 0.7557367540735305 0.7665490679672943 0.9923562814188631 0.9903596661002693
1008 0.03290748819006595 0.005002354300929079 0.0202563218423675 0.0014930573089052838
1009 0.1456080352461304 0.07767906241625983 0.2175686762192577 0.12759491136906503
1010 0.312878330641491 0.26704260370112615 0.2233735792467082 0.2184478333965151
1011 0.4480349661207699 0.4368071477000584 0.1330390668584193 0.10794602359482806
1012 1.7323241537963447 1.7601092607337017 0.33244573695364704 0.32899925619335235
1013 0.15420354434898084 0.00027654421168286263 0.06137098792083079 0.009276565767503998
1014 2.7155962133757323 2.714607717415256 1.2540130860886767 1.265882260712313
1015 2.4084621043809724 2.3939537978942846 0.8897573081245074 0.8747331304945969
1016 0.5677633709149499 0.5761117738927906 0.6977270877044676 0.7184135214716754
1017 2.431303771535487 2.453937903847139 0.8871899122760216 0.8882931752002331
1018 3.063273258967119 3.0753471304995563 0.4197815865024225 0.40632137781836364
1019 0.17057080546467246 0.0040448335661064745 0.1499552673990231 0.00537326919334927
1020 0.14466831187256252 0.004729953681936367 0.03131746343806108 0.0050727662915415715
1021 0.029512853228799863 0.0032050417609245326 0.04504991057423838 0.007308080399899397
1022 1.2445829618991135 1.2443104817823651 1.1464893625363906 1.1510532935189337
1023 0.014848689635310833 0.0017174431216940304 0.010822786446429911 0.002610123646179411
1024 0.014606389074302888 0.0011815402340697638 0.027281258246127517 0.02078672588634939
1025 0.46080439970250936 0.43306160994236453 0.6434093612181392 0.6041028947450777
1026 1.9798729840361522 2.035886514040317 1.5242450251524537 1.5326632409843803
1027 0.2742203113418258 0.20794958623028023 0.07477749729223143 0.008339727434238496
1028 0.12248405849400669 0.0003381848334836129 0.05250589079915405 0.007422953524886905
1029 2.17315622622766 2.1455761710386936 0.21657430654155077 0.2130881009699479
1030 3.0926856268661767 3.132988677812716 0.9825461103898343 0.9603777985329234
1031 2.3555070943409238 2.4481384972044187 0.5937050945918708 0.5847663976410347
1032 0.02431456942807778 0.0027647776958998446 0.007749144743923569 0.004993573889187691
1033 0.036953659225348975 0.02258488566051681 0.24805240781700924 0.2487788727907339
1034 2.90476430303029 2.914545970209088 0.5730415070159285 0.5729759277268077
1035 0.6830273876336032 0.6646692312847535 0.13873118086115827 0.12340711352261091
1036 0.8180418085693216 0.8144290313561362 0.5521720041373195 0.5604374306144551
1037 0.09204909911567062 0.09590343775446926 0.19825389012236408 0.1508126177632744
1038 0.12323051070551677 0.1505850045277881 1.0274707347762082 1.0320119208859087
1039 0.2872579898288874 0.2925792422932654 0.33098006061179863 0.3272318017095027
1040 0.7379856023618436 0.6838199973101254 0.18295268499702055 0.1776694494932737
1041 0.6907780619148935 0.0019821825818864837 0.21770627657154876 0.004031504248224892
1042 1.329977409793989 1.3566870137210487 1.1859328162534584 1.1819722039033993
1043 1.8820659142526455 1.883292683581069 0.8737603597559606 0.8467973131066363
1044 3.040646342477037 3.1155072919795583 0.4642250983615792 0.41717549925067887
1045 0.19881436736628327 0.19258958261171297 0.2442089524628199 0.26033096487839813
1046 2.851731385118064 2.8604769907372636 0.48957073683792174 0.48731091201809196
1047 0.12098587881798609 0.001605702936179877 0.07790540599612938 0.00811247178706248
1048 0.1785931276281776 0.005156545286512171 0.06718363200872915 0.00418329887081489
1049 0.33440748087290856 0.3134653809984108 0.22755296245841258 0.22971658381953355
1050 0.017770970597925616 0.0011387964052095828 0.011698152976347749 0.00529446022552568
1051 0.1613872565747014 0.11845174584805125 0.19539178924647105 0.19084175404936154
1052 1.958889411576573 1.9368557386719452 1.2824582318270925 1.2869021662633007
1053 0.00869886646377767 0.004148307626010611 0.009178390253987064 0.0032519417505449174
1054 2.3651185662341723 2.3922367566738725 1.948296860051787 1.9466565035496293
1055 0.36715595313980176 0.16546832015588211 0.07712991934735629 0.07854020542202061
1056 1.235664828159008 1.238274700416625 0.29672497895161165 0.299521593158887
1057 0.01134346298814705 0.004312093194363764 0.05342679831378237 0.008589077779714857
1058 0.13440627831888988 0.0018136989248605051 0.08695306818036949 0.002821563393024285
1059 0.02791670660610601 0.0019855912356293902 0.06494900882547387 0.017512008271311625
1060 0.020426384727439493 0.0033844325760021042 0.002385961164735365 0.009716622270994086
1061 0.06288730589308941 0.009491694598483098 0.06121951264920799 0.011298426228708547
1062 0.04312111342566055 0.017934405550625157 0.15741506086358117 0.14862876672740774
1063 0.08925089755240981 0.02549073608733296 0.0889371227892864 0.08480588841939889
1064 3.0122044493761906 3.084652964369531 0.39390238191240673 0.38536472760314877
1065 0.056008630527386416 0.0038356085961250585 0.03794876597549477 0.0071651322469559265
1066 0.10460349196031064 0.08582934171318288 0.2333997246441642 0.2228843885243036
1067 0.05238729508940035 0.0034098558726750232 0.04874369831723194 0.006097344481731651
1068 0.07612885085723857 0.0035177162004875672 0.12455022365582814 0.004720424921114554
1069 0.16915161687559932 0.0019430930413390029 0.053561622481197606 0.009352718267427534
1070 0.11447367839103184 0.018705023791423574 0.04238697864018632 0.0021285767650800185
1071 0.5237698725483013 0.4688328348634941 0.5808698898050954 0.5143719355392928
1072 0.14062835433471635 0.05560764744997426 0.28444346557521644 0.30110045117095635
1073 1.0913428867928505 1.187448312592289 0.6752525663245657 0.6917277546312376
1074 0.036417368864395165 0.0021538177999348125 0.027569591774714946 0.005905696019787258
1075 0.6770152395985803 0.5994477621171689 0.05130135817927155 0.036334885455605925
1076 2.250736053707573 3.1336402477324947 0.6158463213510196 0.6989577898086895
1077 0.11589656863983591 0.15440396439139364 0.14412991738873923 0.17234044398261658
1078 0.4824347558904369 0.45375403528685204 0.021730399605287897 0.010832414882055042
1079 1.0784827591072004 1.0350273219833614 0.5933151083259354 0.5934452391209817
1080 0.1325152004478809 0.0058204235404183445 0.03654343254644439 0.004171579181355513
1081 0.19536528242795675 0.01919878571193275 0.133280801691748 0.08197029196640829
1082 0.08914133930652358 0.13548162643231917 0.18608940944496893 0.24633960477820088
1083 0.026943489974630266 0.01608065881998828 0.013393324477465437 0.014061374489053943
1084 0.03728893593655392 0.001005303011147196 0.05249267538339579 0.006118582097542403
1085 0.43597918584447537 0.3214163694811199 0.2530478759844282 0.1989723301511145
1086 0.11748735835368809 0.025679447944536703 0.1102091139829403 0.02000664939365371
1087 3.0975662151437646 3.137022100593773 1.2678874260044906 1.2803273614071562
1088 0.634009694164765 0.4901703577690799 0.0935070226115538 0.07513216905362068
1089 0.20693193502690657 0.003996531700568144 0.21861842853901955 0.1499500152772747
1090 0.041607610766721655 0.0039150095350628305 0.01780235579761676 0.0030444582358454242
1091 1.0324407624286989 0.950954075180377 0.2492741995294309 0.2528067048793029
1092 0.03417833909768861 0.0015064775487565168 0.018572120405178083 0.00737789788324796
1093 3.0624556697448195 2.676111946244799 1.084407787322007 1.181191249892443
1094 2.24367388976121 2.253845641231766 0.31051579779705973 0.31013293426684674
1095 0.006131021740781357 0.0018618692838530309 0.05513864018157361 0.003881839008374627
1096 3.0847508035523004 3.069571691900478 0.703597698195486 0.6967172163089485
1097 0.20810431694842438 0.14886629277034966 0.21893914304827922 0.21308768672963577
1098 0.1373860077147954 0.049871597418629766 0.06957190903535 0.042644254266920714
1099 2.390541882745727 2.335787415607224 0.5347907766685929 0.5353473591876013
1100 0.04899671774526443 0.0027862441033084323 0.020330577595428192 0.005911824348096883
1101 0.05092970697107875 0.01797206162848284 0.0191815130269154 0.025150336171900947
1102 0.3718303647168229 0.3222022760553485 0.30726659043372045 0.29275243255539524
1103 0.7331121200375398 0.7512410835733809 0.24283674060042368 0.23454476259290266
1104 0.05157485381650891 0.002551907267223052 0.023006683394762494 0.005598508323746171
1105 2.1732498432272487 2.2490725041174437 0.7563957299527717 0.7622756227344509
1106 0.07337394033549904 0.003272451863530843 0.03883447953860283 0.0036369056786748686
1107 0.8801707689092618 0.6627518405663998 0.11663287698392527 0.08785760743898055
1108 0.3974046957301321 0.4082951038328139 0.13678994702697667 0.1420198107959319
1109 0.06559024622027457 0.01341706551752255 0.11642111643779998 0.09184276607333028
1110 2.9478233956735953 2.954649896156442 0.8504272122504157 0.8546150002048885
1111 3.113185792418315 3.1167207643635835 0.4828851129727627 0.47603405368685175
1112 1.9389674767131977 1.9746120801209204 1.3093790925155493 1.3192363814018
1113 3.1074692048294605 3.120920346255978 1.0493472773065702 1.0158229475468035
1114 0.0115286644429623 0.001986460469586464 0.014456153282182738 0.00634872781957905
1115 2.9948926910400586 2.9896141178246642 0.511994315111641 0.5058763709688502
1116 1.7554384972285586 1.6508305810510209 0.783931100228578 0.7552676229908406
1117 0.012154586630608354 0.0022016927610549394 0.031811702302162716 0.006278762756501853
1118 0.0191164149023278 0.003760707586103613 0.01684494732054966 0.008004402095852434
1119 0.0913180797136258 0.051715240972081425 0.10803378169968461 0.09043820378914545
1120 0.11916620454170311 0.0051363076640918775 0.029488025144643548 0.012042691801615612
1121 0.31608688656885864 0.41775311892967754 0.2136516783251895 0.17104918999527005
1122 0.2622802507772194 0.25666587224191656 0.04311633074374808 0.024901926092773786
1123 0.07765358191564596 0.004186855962458278 0.06705690927114964 0.010081786503335957
1124 0.6501476516052075 0.5986380587048084 0.8508532361533144 0.849106100446643
1125 0.04923321692109465 0.05245036633089181 0.1711306721174546 0.15942320309668756
1126 0.12256333434462581 0.018672255501108813 0.01687033770254002 0.0253856295934377
1127 0.215501626572709 0.005623221307297002 0.0978463877068507 0.007245729509242134
1128 2.9359009806281 2.942539378659328 0.21102302221928576 0.22537787849297722
1129 2.546876753873779 2.7279977717787345 0.5651944900915757 0.5212413526361065
1130 0.034443778691318816 0.028769470204031547 0.015214396283785177 0.014153033626417079
1131 3.0993174267675663 3.1009553527839584 0.21181866040838387 0.22014267433343201
1132 3.0243353814730645 3.028716583827549 0.8156298287885505 0.8209430094376453
1133 0.06738189679650942 0.05980497466386144 0.44237865585042 0.4333325725463589
1134 1.0320280216343753 0.9300127986186028 0.1698291731717822 0.1463712488298121
1135 3.062891940006342 3.066680895602671 1.9180351995202556 1.9158191644486713
1136 0.2326948480855536 0.19311843972832354 1.2637937578001597 1.2678416731034767
1137 3.059130890873601 3.0552980046007825 0.17997532546807915 0.17455228776914797
1138 0.22095331059877824 0.056648797791264166 0.18465146890567613 0.04135385183592688
1139 3.1167352240960886 3.1084210927160134 0.7074631746957636 0.6912314378230734
1140 2.9670753507467875 3.003438688239252 1.926316039048387 1.955933573357547
1141 0.06359571566313335 0.004321252548978951 0.03493416345764146 0.00824147707580974
1142 3.141246773490146 3.1411296152343198 0.49988675760507095 0.47052928781786413
1143 3.1347075531570514 3.1410737127473043 1.5135612585346128 1.5146411795527077
1144 2.565633512711912 2.5602458965842145 0.03698037818300462 0.0526944667551863
1145 3.046878418409486 3.0472498076128285 0.4426690524608999 0.4435742751137303
1146 2.2895919472056945 2.3584839435118226 0.23664643926715576 0.2524834529529471
1147 0.4253260451116551 0.01288060587967343 0.16435578058093056 0.16389388663854598
1148 0.4933208839953742 0.4920295148001127 0.6870452448958667 0.6811442286372985
1149 1.8766003353029639 1.995527956612594 0.7811795033236107 0.7986207450399027
1150 2.134731407037132 1.7765006497731084 0.7619753303116509 1.0619495267667716
1151 0.023851584693170152 0.002608407871764202 0.038021723344342326 0.005347864342307126
1152 0.24089210737453115 0.08503741276057464 0.34134387154368545 0.32125977650774284
1153 2.9197600829741495 3.141125528226605 0.4562680531245888 0.45634397201932864
1154 0.27965293558780996 0.048083736962507964 0.32309017454232924 0.30494451315188753
1155 1.9038974943082878 2.004545156967767 0.3673353231298219 0.34823128348897575
1156 0.12014676474622381 0.07570249874681374 0.053608785707370904 0.06485454677632872
1157 0.16240007789241281 0.002689902751235052 0.08761155542165616 0.023488325832887662
1158 3.0300681014893054 3.1409253768984136 2.6335919023531145 2.5151590967994935
1159 2.5287758712517823 2.5529189084392083 0.8695819428855063 0.8659917336640532
1160 2.1329297088104435 2.1430344637020675 1.3636479287201315 1.382357969876214
1161 0.8287572769845957 0.8333003891101206 0.8698928963033338 0.8717259351490357
1162 0.009804883871771091 0.006458196712103081 0.03821852590433794 0.025821796127768817
1163 2.917475990803525 2.916352222487234 0.48039607393339323 0.4812574592207466
1164 1.939819325953888 1.9249094479300957 2.5646847445679355 2.5703743988693435
1165 3.1414160633678407 3.141140518464553 0.6478168148300044 0.6464340051826374
1166 0.49328375960153015 0.4491266165305764 2.3734305161434714 2.397664003125738
1167 0.031994067973947715 0.024540166320663 0.08096600568512342 0.07925000850460236
1168 0.06073573754995755 0.040904379030817874 0.0633371540228327 0.06221270507477813
1169 3.028811156745658 3.1292274776365234 0.5221659161018656 0.5478274534625457
1170 0.238254755302627 0.03311715605447442 0.1125698839313257 0.02313023764674803
1171 3.099388735385604 3.1352555097604866 0.09929513402331747 0.0498884994328478
1172 0.21976940891554897 0.02765451505180686 2.705682122954478 2.6976583371869207
1173 3.086697840334492 3.0589382596333135 0.14666873904174488 0.08292242824319362
1174 0.9189309472479936 0.23755454418140012 0.6427904696350397 0.6168435685225309
1175 3.0987227828750648 3.141581710748807 0.3485903789624792 0.2956772975267677
1176 0.33572549477496677 0.31108352124571614 0.6456170657742692 0.6318587375049961
1177 1.8225420941664434 1.7349954916089176 1.204178574739801 1.1344536924659236
1178 0.24326597827244395 0.04937463240348813 0.06745649423816635 0.038510047472534475
1179 3.118662779743198 3.1383365534926235 0.22197671993603493 0.19799816089310224
1180 3.1363319406705474 3.136691272670049 0.7079265526975116 0.6813242484067025
1181 0.6572863264528309 0.6075817343008021 0.4646203542613153 0.43556508629019963
1182 3.1409925165168087 3.140973084898411 0.5271057607107451 0.5230344868413738
1183 0.8029010888157109 0.7117562183124602 2.504559188826893 2.549693974318872
1184 2.818609314338935 3.1160707872184163 0.39134506107603734 0.40445612476925114
1185 3.0889235791484726 3.087512562977931 0.17937320981826946 0.17627157842675154
1186 0.175173671666077 0.12870008458389656 0.22946898338060745 0.23797781326451872
1187 3.1199033208499936 3.1168179658548705 0.09570038947070385 0.06411213471475509
1188 1.1840811556901345 1.191873196998232 0.6646107117530414 0.6472891327934763
1189 0.20161827853040976 0.025385799356993595 0.014946041571990957 0.02801994590825427
1190 2.9178750412516994 2.9228646815385377 0.464661273544466 0.4540227418810332
1191 3.053435898536592 3.0587000022791635 0.13986168402229823 0.15410508435146517
1192 2.9292549280499594 2.9247350788159827 0.48661721453357615 0.5891472872569743
1193 3.130450869266915 3.1413884505088734 1.0845932223953272 1.0530270834676752
1194 0.024847502128858584 0.0027233104305596366 0.02587393393940053 0.019568639593303575
1195 2.207042585562873 2.4151289070362867 1.647368312510191 1.767923949469618
1196 2.822632782643772 2.8001088520511703 0.16182769645149309 0.16966377247280492
1197 3.0621979870176395 3.1392660305060365 0.2508652896711802 0.27591511830649323
1198 3.0142959652532566 3.141415511431925 0.3749276827529428 0.3326657342384452
1199 2.7648548335049776 2.8286904799979835 3.5278206149177995 3.562421126644264
average rotation error (rad) without icp: 1.6682682639396686
average rotation error (rad) with icp: 1.6490335998770231
average translation error (m) without icp: 0.7421881887336708
average translation error (m) with icp: 0.726987050490429
